0.0   (0, 0, 40)   (0, 0, 40)
2.0   (0, 2, 40)   (0, 0, 40)
2.0   (2, 0, 40)   (0, 0, 40)
2.8284271247461903   (2, 2, 40)   (0, 0, 40)
2.0   (0, 0, 40)   (0, 2, 40)
0.0   (0, 2, 40)   (0, 2, 40)
2.8284271247461903   (2, 0, 40)   (0, 2, 40)
2.0   (2, 2, 40)   (0, 2, 40)
2.0   (0, 0, 40)   (2, 0, 40)
2.8284271247461903   (0, 2, 40)   (2, 0, 40)
0.0   (2, 0, 40)   (2, 0, 40)
2.0   (2, 2, 40)   (2, 0, 40)
2.8284271247461903   (0, 0, 40)   (2, 2, 40)
2.0   (0, 2, 40)   (2, 2, 40)
2.0   (2, 0, 40)   (2, 2, 40)
0.0   (2, 2, 40)   (2, 2, 40)






distance of points
0.0   (0.0, 0.0, 45)   (0.0, 0.0, 45)
1.502939361364826   (-1.1612223684246286, 0.9541432465882717, 45)   (0.0, 0.0, 45)
1.8829310003380664   (1.6283619410531236, 0.9454451549211168, 45)   (0.0, 0.0, 45)
1.9561839063504551   (0.46713957262849504, 1.8995884015093885, 45)   (0.0, 0.0, 45)
1.502939361364826   (0.0, 0.0, 45)   (-1.1612223684246286, 0.9541432465882717, 45)
0.0   (-1.1612223684246286, 0.9541432465882717, 45)   (-1.1612223684246286, 0.9541432465882717, 45)
2.7895978700312916   (1.6283619410531236, 0.9454451549211168, 45)   (-1.1612223684246286, 0.9541432465882717, 45)
1.8829310003380664   (0.46713957262849504, 1.8995884015093885, 45)   (-1.1612223684246286, 0.9541432465882717, 45)
1.8829310003380664   (0.0, 0.0, 45)   (1.6283619410531236, 0.9454451549211168, 45)
2.7895978700312916   (-1.1612223684246286, 0.9541432465882717, 45)   (1.6283619410531236, 0.9454451549211168, 45)
0.0   (1.6283619410531236, 0.9454451549211168, 45)   (1.6283619410531236, 0.9454451549211168, 45)
1.502939361364826   (0.46713957262849504, 1.8995884015093885, 45)   (1.6283619410531236, 0.9454451549211168, 45)
1.9561839063504551   (0.0, 0.0, 45)   (0.46713957262849504, 1.8995884015093885, 45)
1.8829310003380664   (-1.1612223684246286, 0.9541432465882717, 45)   (0.46713957262849504, 1.8995884015093885, 45)
1.502939361364826   (1.6283619410531236, 0.9454451549211168, 45)   (0.46713957262849504, 1.8995884015093885, 45)
0.0   (0.46713957262849504, 1.8995884015093885, 45)   (0.46713957262849504, 1.8995884015093885, 45)
