138.0 84.076 72.0 93.864 105 84.216 1.3
138.0 84.076 72.0 94.611 105 84.216 1.5
138.0 84.076 72.0 95.357 105 84.216 1.7
138.0 84.076 72.0 96.104 105 84.216 1.9
138.0 84.076 72.0 96.85 105 84.216 2.1
138.0 84.076 72.0 97.597 105 84.216 2.3
138.0 84.076 72.0 98.343 105 84.216 2.5
138.0 84.076 72.0 99.09 105 84.216 2.7
138.0 84.076 72.0 99.836 105 84.216 2.9
138.0 84.076 72.0 100.582 105 84.216 3.1
138.0 84.076 72.0 101.329 105 84.216 3.3
138.0 84.076 72.0 102.075 105 84.216 3.5
138.0 84.076 72.0 102.822 105 84.216 3.7
138.0 84.076 72.0 103.568 105 84.216 3.9
138.0 84.076 72.0 104.314 105 84.216 4.1
138.0 84.076 72.0 105.061 105 84.216 4.3
138.0 84.076 72.0 105.807 105 84.216 4.5
138.0 84.076 72.0 106.554 105 84.216 4.7
138.0 84.076 72.0 107.3 105 84.216 4.9
138.0 84.076 72.0 108.047 105 84.216 5.1
138.0 84.076 72.0 108.793 105 84.216 5.3
138.0 84.076 72.0 109.539 105 84.216 5.5
138.0 84.076 72.0 110.286 105 84.216 5.7
138.0 84.076 72.0 111.032 105 84.216 5.9
138.0 84.076 72.0 111.779 105 84.216 6.1
138.0 84.076 72.0 112.525 105 84.216 6.3
138.0 84.076 72.0 113.271 105 84.216 6.5
138.0 84.076 72.0 114.018 105 84.216 6.7
138.0 84.076 72.0 114.764 105 84.216 6.9
138.0 84.076 72.0 115.511 105 84.216 7.1
138.0 84.076 72.0 116.257 105 84.216 7.3
138.0 84.076 72.0 117.004 105 84.216 7.5
138.0 84.076 72.0 117.75 105 84.216 7.7
138.0 84.076 72.0 118.496 105 84.216 7.9
138.0 84.076 72.0 119.243 105 84.216 8.1
138.0 84.076 72.0 119.989 105 84.216 8.3
138.0 84.076 72.0 120.736 105 84.216 8.5
138.0 84.076 72.0 121.482 105 84.216 8.7
138.0 84.076 72.0 122.228 105 84.216 8.9
138.0 84.076 72.0 122.975 105 84.216 9.1
138.0 84.076 72.0 123.721 105 84.216 9.3
138.0 84.076 72.0 124.468 105 84.216 9.5
138.0 84.076 72.0 125.214 105 84.216 9.7
138.0 84.076 72.0 125.961 105 84.216 9.9
138.0 84.076 72.0 126.707 105 84.216 10.1
138.0 84.076 72.0 127.453 105 84.216 10.3
138.0 84.076 72.0 128.2 105 84.216 10.5
138.0 84.076 72.2 90.848 105 84.216 10.7
138.0 84.076 72.2 90.737 105 84.216 10.9
138.0 84.076 72.2 90.627 105 84.216 11.1
138.0 84.076 72.2 90.517 105 84.216 11.3
138.0 84.076 72.2 90.406 105 84.216 11.5
138.0 84.076 72.2 90.296 105 84.216 11.7
138.0 84.076 72.2 90.186 105 84.216 11.9
138.0 84.076 72.2 90.075 105 84.216 12.1
138.0 84.076 72.2 89.965 105 84.216 12.3
138.0 84.076 72.2 89.855 105 84.216 12.5
138.0 84.076 72.2 89.744 105 84.216 12.7
138.0 84.076 72.2 89.634 105 84.216 12.9
138.0 84.076 72.2 89.523 105 84.216 13.1
138.0 84.076 72.2 89.413 105 84.216 13.3
138.0 84.076 72.2 89.303 105 84.216 13.5
138.0 84.076 72.2 89.192 105 84.216 13.7
138.0 84.076 72.2 89.082 105 84.216 13.9
138.0 84.076 72.2 88.972 105 84.216 14.1
138.0 84.076 72.2 88.861 105 84.216 14.3
138.0 84.076 72.2 88.751 105 84.216 14.5
138.0 84.076 72.0 108.146 105 84.216 14.7
138.0 84.076 72.0 107.054 105 84.216 14.9
138.0 84.076 72.0 106.302 105 84.216 15.1
138.0 84.076 72.0 105.555 105 84.216 15.3
138.0 84.076 72.0 104.809 105 84.216 15.5
138.0 84.076 72.0 104.062 105 84.216 15.7
138.0 84.076 72.0 103.316 105 84.216 15.9
138.0 84.076 72.0 102.569 105 84.216 16.1
138.0 84.076 72.0 101.823 105 84.216 16.3
138.0 84.076 72.0 101.077 105 84.216 16.5
138.0 84.076 72.0 100.698 105 84.216 16.7
138.0 84.076 72.0 100.698 105 84.216 16.9
138.0 84.076 72.0 100.698 105 84.216 17.1
138.0 84.076 72.0 100.698 105 84.216 17.3
138.0 84.076 72.0 100.698 105 84.216 17.5
138.0 84.076 72.0 100.698 105 84.216 17.7
138.0 84.076 72.0 100.698 105 84.216 17.9
138.0 84.076 72.0 100.698 105 84.216 18.1
138.0 84.076 72.0 100.698 105 84.216 18.3
138.0 84.076 72.0 100.698 105 84.216 18.5
138.0 84.076 72.0 100.698 105 84.216 18.7
138.0 84.076 72.0 100.698 105 84.216 18.9
138.0 84.076 72.0 100.698 105 84.216 19.1
138.0 84.076 72.0 100.698 105 84.216 19.3
138.0 84.076 72.0 100.698 105 84.216 19.5
138.0 84.076 72.0 100.698 105 84.216 19.7
138.0 84.076 72.0 100.698 105 84.216 19.9
138.0 84.076 72.0 100.698 105 84.216 20.1
138.0 84.076 72.0 100.698 105 84.216 20.3
138.0 84.076 72.0 100.698 105 84.216 20.5
138.0 84.076 72.0 100.698 105 84.216 20.7
138.0 84.076 72.0 100.698 105 84.216 20.9
138.0 84.076 72.0 100.698 105 84.216 21.1
138.0 84.076 72.0 100.698 105 84.216 21.3
138.0 84.076 72.0 100.698 105 84.216 21.5
138.0 84.076 72.0 100.698 105 84.216 21.7
138.0 84.076 72.0 100.698 105 84.216 21.9
138.0 84.076 72.0 100.698 105 84.216 22.1
138.0 84.076 72.0 100.698 105 84.216 22.3
138.0 84.076 72.0 100.698 105 84.216 22.5
138.0 84.076 72.0 100.698 105 84.216 22.7
138.0 84.076 72.0 100.698 105 84.216 22.9
138.0 84.076 72.0 100.698 105 84.216 23.1
138.0 84.076 72.0 100.698 105 84.216 23.3
138.0 84.076 72.0 100.698 105 84.216 23.5
138.0 84.076 72.0 100.698 105 84.216 23.7
138.0 84.076 72.0 100.698 105 84.216 23.9
138.0 84.076 72.0 100.698 105 84.216 24.1
138.0 84.076 72.0 100.698 105 84.216 24.3
138.0 84.076 72.0 100.698 105 84.216 24.5
138.0 84.076 72.0 100.698 105 84.216 24.7
138.0 84.076 72.0 100.698 105 84.216 24.9
138.0 84.076 72.0 100.698 105 84.216 25.1
138.0 84.076 72.0 100.698 105 84.216 25.3
138.0 84.076 72.0 100.698 105 84.216 25.5
138.0 84.076 72.0 100.698 105 84.216 25.7
138.0 84.076 72.0 100.698 105 84.216 25.9
138.0 84.076 72.0 100.698 105 84.216 26.1
138.0 84.076 72.0 100.698 105 84.216 26.3
138.0 84.076 72.0 100.698 105 84.216 26.5
138.0 84.076 72.0 100.698 105 84.216 26.7
138.0 84.076 72.0 100.698 105 84.216 26.9
138.0 84.076 72.0 100.698 105 84.216 27.1
138.0 84.076 72.0 100.698 105 84.216 27.3
138.0 84.076 72.0 100.698 105 84.216 27.5
138.0 84.076 72.0 100.698 105 84.216 27.7
138.0 84.076 72.0 100.698 105 84.216 27.9
138.0 84.076 72.0 100.698 105 84.216 28.1
138.0 84.076 72.0 100.698 105 84.216 28.3
138.0 84.076 72.0 100.698 105 84.216 28.5
138.0 84.076 72.0 100.698 105 84.216 28.7
138.0 84.076 72.0 100.698 105 84.216 28.9
138.0 84.076 72.0 100.698 105 84.216 29.1
138.0 84.076 72.0 100.698 105 84.216 29.3
138.0 84.076 72.0 100.698 105 84.216 29.5
138.0 84.076 72.0 100.698 105 84.216 29.7
138.0 84.076 72.0 100.698 105 84.216 29.9
138.0 84.076 72.0 100.698 105 84.216 30.1
138.0 84.076 72.0 100.698 105 84.216 30.3
138.0 84.076 72.0 100.698 105 84.216 30.5
138.0 84.076 72.0 100.698 105 84.216 30.7
138.0 84.076 72.0 100.698 105 84.216 30.9
138.0 84.076 72.0 100.698 105 84.216 31.1
138.0 84.076 72.0 100.698 105 84.216 31.3
138.0 84.076 72.0 100.698 105 84.216 31.5
138.0 84.076 72.0 100.698 105 84.216 31.7
138.0 84.076 72.0 100.698 105 84.216 31.9
138.0 84.076 72.0 100.698 105 84.216 32.1
138.0 84.076 72.0 100.698 105 84.216 32.3
138.0 84.076 72.0 100.698 105 84.216 32.5
138.0 84.076 72.0 100.698 105 84.216 32.7
138.0 84.076 72.0 100.698 105 84.216 32.9
138.0 84.076 72.0 100.698 105 84.216 33.1
138.0 84.076 72.0 100.698 105 84.216 33.3
138.0 84.398 72.0 100.698 105 84.216 33.5
138.0 84.197 72.0 100.698 105 84.216 33.7
138.0 84.076 72.0 100.698 105 84.216 33.9
138.0 84.076 72.0 100.698 105 84.216 34.1
138.0 84.076 72.0 100.698 105 84.216 34.3
138.0 84.076 72.0 100.698 105 84.269 34.5
138.0 84.076 72.0 100.698 105 84.43524478178372 34.7
138.0 93.921 72.0 100.698 105 84.25881960375395 34.9
138.0 93.223 72.0 100.698 105 84.216 35.1
138.0 92.723 72.0 100.698 105 84.216 35.3
138.0 92.06 72.0 100.698 105 84.216 35.5
138.0 92.06 72.0 100.698 105 84.216 35.7
138.0 92.06 72.0 100.698 105 84.219 35.9
138.0 92.06 72.0 100.698 105 84.272 36.1
138.0 92.06 72.0 100.698 105 84.62068961493584 36.3
138.0 92.423 72.0 100.698 105 84.416 36.5
138.0 92.06 72.0 100.698 105 84.469 36.7
138.0 92.06 72.0 100.698 105 84.52298483147771 36.9
138.0 92.06 72.0 100.698 105 84.576 37.1
138.0 92.06 72.0 100.698 105 84.63 37.3
138.0 92.06 72.0 100.698 105 84.684 37.5
138.0 92.06 72.0 100.698 105 84.738 37.7
138.0 92.06 72.0 100.698 105 84.79150933786079 37.9
138.0 92.06 72.0 100.698 105 84.845 38.1
138.0 92.06 72.0 100.698 105 84.899 38.3
138.0 92.06 72.0 100.698 105 84.952 38.5
138.0 92.06 72.0 100.698 105 85.005 38.7
138.0 92.06 72.0 100.698 105 85.06 38.9
138.0 92.06 72.0 100.698 105 85.114 39.1
138.0 92.06 72.0 100.698 105 91.783 39.3
138.0 92.06 72.0 100.698 105 91.783 39.5
138.0 92.06 72.0 100.698 105 91.783 39.7
138.0 92.06 72.0 100.698 105 91.783 39.9
138.0 92.06 72.0 100.698 105 91.783 40.1
138.0 92.06 72.0 100.698 105 91.783 40.3
138.0 92.06 72.0 100.698 105 91.783 40.5
138.0 92.06 72.0 100.698 105 91.783 40.7
138.0 92.06 72.0 100.698 105 91.783 40.9
138.0 92.06 72.0 100.698 105 91.783 41.1
138.0 92.06 72.0 100.698 105 91.783 41.3
138.0 92.06 72.0 100.698 105 91.783 41.5
138.0 92.06 72.0 100.698 105 91.783 41.7
138.0 92.06 72.0 100.698 105 91.783 41.9
138.0 92.06 72.0 100.698 105 91.783 42.1
138.0 92.06 72.0 100.698 105 91.783 42.3
138.0 92.06 72.0 100.698 105 91.783 42.5
138.0 92.06 72.0 100.698 105 91.783 42.7
138.0 92.06 72.0 100.698 105 91.783 42.9
138.0 92.06 72.0 100.698 105 91.783 43.1
138.0 92.06 72.0 100.698 105 91.783 43.3
138.0 92.06 72.0 100.698 105 91.783 43.5
138.0 92.06 72.0 100.698 105 91.783 43.7
138.0 92.06 72.0 100.698 105 91.783 43.9
138.0 92.06 72.0 100.698 105 91.783 44.1
138.0 92.06 72.0 100.698 105 91.783 44.3
138.0 92.06 72.0 100.698 105 91.783 44.5
138.0 92.06 72.0 100.698 105 91.783 44.7
138.0 92.06 72.0 100.698 105 91.783 44.9
138.0 92.06 72.0 100.698 105 91.783 45.1
138.0 92.06 72.0 100.698 105 91.783 45.3
138.0 92.06 72.0 100.698 105 91.783 45.5
138.0 92.06 72.0 100.698 105 91.783 45.7
138.0 92.06 72.0 100.698 105 91.783 45.9
138.0 92.06 72.0 100.698 105 91.783 46.1
138.0 92.06 72.0 100.698 105 91.783 46.3
138.0 92.06 72.0 100.698 105 91.783 46.5
138.0 92.06 72.0 100.698 105 91.783 46.7
138.0 92.06 72.0 100.698 105 91.783 46.9
138.0 92.06 72.0 100.698 105 91.783 47.1
138.0 92.06 72.0 100.698 105 91.783 47.3
138.0 92.06 72.0 100.698 105 91.783 47.5
138.0 92.06 72.0 100.698 105 91.783 47.7
138.0 92.06 72.0 100.698 105 91.783 47.9
138.0 92.06 72.0 100.698 105 91.783 48.1
138.0 92.06 72.0 100.698 105 91.783 48.3
138.0 92.06 72.0 100.698 105 91.783 48.5
138.0 92.06 72.0 100.698 105 91.783 48.7
138.0 92.06 72.0 100.698 105 91.783 48.9
138.0 92.06 72.0 100.698 105 91.783 49.1
138.0 92.06 72.0 100.698 105 91.783 49.3
138.0 92.06 72.0 100.698 105 91.783 49.5
138.0 92.06 72.0 100.698 105 91.783 49.7
138.0 92.06 72.0 100.698 105 91.783 49.9
138.0 92.06 72.0 100.698 105 91.783 50.1
138.0 92.06 72.0 100.698 105 91.783 50.3
138.0 92.06 72.0 100.698 105 91.783 50.5
138.0 92.06 72.0 100.698 105 91.783 50.7
138.0 92.06 72.0 100.698 105 91.783 50.9
138.0 92.06 72.0 100.698 105 91.783 51.1
138.0 92.06 72.0 100.698 105 91.783 51.3
138.0 92.06 72.0 100.698 105 91.783 51.5
138.0 92.06 72.0 100.698 105 91.783 51.7
138.0 92.06 72.0 100.698 105 91.783 51.9
138.0 92.06 72.0 100.698 105 91.783 52.1
138.0 92.06 72.0 100.698 105 91.783 52.3
138.0 92.06 72.0 100.698 105 91.783 52.5
138.0 92.06 72.0 100.698 105 91.783 52.7
138.0 92.06 72.0 100.698 105 91.783 52.9
138.0 92.06 72.0 100.698 105 91.783 53.1
138.0 92.06 72.0 100.698 105 91.783 53.3
138.0 92.06 72.0 100.698 105 91.783 53.5
138.0 92.06 72.0 100.698 105 91.783 53.7
138.0 92.06 72.0 100.698 105 91.783 53.9
138.0 92.06 72.0 100.698 105 91.783 54.1
138.0 92.06 72.0 100.698 105 91.783 54.3
138.0 92.06 72.0 100.698 105 91.783 54.5
138.0 92.06 72.0 100.698 105 91.783 54.7
138.0 92.06 72.0 100.698 105 91.783 54.9
138.0 92.06 72.0 100.698 105 91.783 55.1
138.0 92.06 72.0 100.698 105 91.783 55.3
138.0 92.06 72.0 100.698 105 91.783 55.5
138.0 92.06 72.0 100.698 105 91.783 55.7
138.0 92.06 72.0 100.698 105 91.783 55.9
138.0 92.06 72.0 100.698 105 91.783 56.1
138.0 92.06 72.0 100.698 105 91.783 56.3
138.0 92.06 72.0 100.698 105 91.783 56.5
138.0 92.06 72.0 100.698 105 91.783 56.7
138.0 92.06 72.0 100.698 105 91.783 56.9
138.0 92.06 72.0 100.701 105 91.783 57.1
138.0 92.06 72.0 100.755 105 91.783 57.3
138.0 92.06 72.0 100.808 105 91.783 57.5
138.0 92.06 72.0 100.862 105 91.783 57.7
138.0 92.06 72.0 100.916 105 91.783 57.9
138.0 92.06 72.0 100.969 105 91.783 58.1
138.0 92.06 72.0 101.023 105 91.783 58.3
138.0 92.06 72.0 101.077 105 91.783 58.5
138.0 92.06 72.0 101.13 105 91.783 58.7
138.0 92.06 72.0 101.184 105 91.783 58.9
138.0 92.06 72.0 101.238 105 91.783 59.1
138.0 92.06 72.0 101.291 105 91.783 59.3
138.0 92.06 72.0 101.345 105 91.783 59.5
138.0 92.06 72.0 101.399 105 91.783 59.7
138.0 92.06 72.0 101.454 105 91.783 59.9
138.0 92.06 72.0 101.529 105 91.783 60.1
138.0 92.06 72.0 101.604 105 91.783 60.3
138.0 92.06 72.0 101.698 105 91.783 60.5
138.0 92.06 72.0 101.322 105 91.783 60.7
138.0 92.06 72.0 101.447 105 91.783 60.9
138.0 92.06 72.0 101.625 105 91.783 61.1
138.0 92.06 72.0 101.831 105 91.783 61.3
138.0 92.06 72.0 102.11 105 91.783 61.5
138.0 92.06 72.0 102.55 105 91.783 61.7
138.0 92.06 72.2 98.537 105 91.783 61.9
138.0 92.06 72.2 98.629 105 91.783 62.1
138.0 92.06 72.2 98.732 105 91.783 62.3
138.0 92.06 72.2 98.835 105 91.783 62.5
138.0 92.06 72.2 98.938 105 91.783 62.7
138.0 92.06 72.2 99.075 105 91.783 62.9
138.0 92.06 72.2 99.217 105 92.329 63.1
138.0 92.06 72.2 99.36 105 91.794 63.3
138.0 92.06 72.2 99.52 105 91.837 63.5
138.0 92.06 72.2 99.711 105 93.05695652173914 63.7
138.0 92.06 72.2 99.902 105 91.783 63.9
138.0 92.06 72.2 100.109 105 91.783 64.1
138.0 92.06 72.2 100.364 105 91.837 64.3
138.0 92.06 72.2 100.618 105 92.25781355932199 64.5
138.0 92.06 72.2 100.929 105 91.983 64.7
138.0 92.06 72.2 101.276 105 92.037 64.9
137.8 92.864 72.2 101.695 105 92.091 65.1
137.8 92.144 72.2 102.195 105 92.144 65.3
137.8 92.197 72.2 102.985 105 92.19795024584407 65.5
137.8 92.251 100.08 99.33 105 92.251 65.7
137.8 92.305 100.226 99.381 105 92.305 65.9
137.8 92.359 100.406 99.434 105 92.35802370019256 66.1
137.8 92.412 100.588 99.488 105 92.412 66.3
137.8 92.466 100.77 99.542 105 92.466 66.5
137.8 92.52 100.958 99.591 105 92.52 66.7
137.8 92.574 101.187 99.645 105 92.81788841201723 66.9
137.8 92.627 101.416 99.699 105 93.453 67.1
137.8 92.681 101.645 99.752 105 94.067 67.3
137.8 93.167 101.91 99.804 105 94.844 67.5
137.8 93.928 102.2 99.857 105 95.4995 67.7
137.8 94.689 102.488 99.909 105 96.17179338842976 67.9
137.8 95.45 102.828 99.962 105 96.82810526315792 68.1
137.8 96.211 103.199 100.016 105 97.53203234880449 68.3
137.8 96.973 103.585 100.066 105 98.23332701421803 68.5
137.8 97.734 104.08 100.119 105 98.93882395087002 68.7
137.8 98.495 104.61 100.172 105 99.70488797533405 68.9
137.8 99.256 105.317 100.225 105 999999999 69.1
137.8 100.017 106.398 100.278 105 999999999 69.3
