135.883 86.618 1.66
135.819 86.682 1.71
135.704 86.797 1.91
135.588 86.913 2.11
135.473 87.028 2.31
135.357 87.144 2.51
135.242 87.259 2.71
135.126 87.375 2.91
135.011 87.49 3.11
134.895 87.606 3.31
134.78 87.721 3.51
134.664 87.837 3.71
134.549 87.952 3.91
134.433 88.068 4.11
134.318 88.183 4.31
134.202 88.299 4.51
134.087 88.414 4.71
133.972 88.529 4.91
133.856 88.645 5.11
133.741 88.76 5.31
133.625 88.876 5.51
133.51 88.991 5.71
133.394 89.107 5.91
133.279 89.222 6.11
133.163 89.338 6.31
133.048 89.453 6.51
132.932 89.569 6.71
132.817 89.684 6.91
132.701 89.8 7.11
132.586 89.915 7.31
132.47 90.031 7.51
132.355 90.146 7.71
132.239 90.262 7.91
132.124 90.377 8.11
132.009 90.492 8.31
131.893 90.608 8.51
131.778 90.723 8.71
131.662 90.839 8.91
131.547 90.954 9.11
131.431 91.07 9.31
131.316 91.185 9.51
131.2 91.301 9.71
131.085 91.416 9.91
130.969 91.532 10.11
130.854 91.647 10.31
130.738 91.763 10.51
130.623 91.878 10.71
130.507 91.994 10.91
130.392 92.109 11.11
130.276 92.225 11.31
130.161 92.34 11.51
130.046 92.455 11.71
129.93 92.571 11.91
129.815 92.686 12.11
129.699 92.802 12.31
129.584 92.917 12.51
129.468 93.033 12.71
129.353 93.148 12.91
129.237 93.264 13.11
129.122 93.379 13.31
129.006 93.495 13.51
128.891 93.61 13.71
128.775 93.726 13.91
128.66 93.841 14.11
128.544 93.957 14.31
128.429 94.072 14.51
128.313 94.188 14.71
128.198 94.303 14.91
128.083 94.418 15.11
127.967 94.534 15.31
127.852 94.649 15.51
127.736 94.765 15.71
127.621 94.88 15.91
127.505 94.996 16.11
127.39 95.111 16.31
127.274 95.227 16.51
127.159 95.342 16.71
127.043 95.458 16.91
126.928 95.573 17.11
126.812 95.689 17.31
126.697 95.804 17.51
126.581 95.92 17.71
126.466 96.035 17.91
126.35 96.151 18.11
126.235 96.266 18.31
126.12 96.381 18.51
126.004 96.497 18.71
125.889 96.612 18.91
125.773 96.728 19.11
125.658 96.843 19.31
125.542 96.959 19.51
125.427 97.074 19.71
125.311 97.19 19.91
125.196 97.305 20.11
125.08 97.421 20.31
124.965 97.536 20.51
124.849 97.652 20.71
124.734 97.767 20.91
124.618 97.883 21.11
124.503 97.998 21.31
124.387 98.114 21.51
124.272 98.229 21.71
124.157 98.344 21.91
124.041 98.46 22.11
123.926 98.575 22.31
123.81 98.691 22.51
123.695 98.806 22.71
123.579 98.922 22.91
123.464 99.037 23.11
123.348 99.153 23.31
123.233 99.268 23.51
123.117 99.384 23.71
123.002 99.499 23.91
122.886 99.615 24.11
122.771 99.73 24.31
122.655 99.846 24.51
122.54 99.961 24.71
122.424 100.077 24.91
122.309 100.192 25.11
122.194 100.307 25.31
122.078 100.423 25.51
121.963 100.538 25.71
121.847 100.654 25.91
121.732 100.769 26.11
121.616 100.885 26.31
121.501 101.0 26.51
121.385 101.116 26.71
121.27 101.231 26.91
121.154 101.347 27.11
121.039 101.462 27.31
120.923 101.578 27.51
120.808 101.693 27.71
120.692 101.809 27.91
120.577 101.924 28.11
120.461 102.04 28.31
120.346 102.155 28.51
120.231 102.27 28.71
120.115 102.386 28.91
120.0 102.501 29.11
119.884 102.617 29.31
119.769 102.732 29.51
119.653 102.848 29.71
119.538 102.963 29.91
119.422 103.079 30.11
119.307 103.194 30.31
119.191 103.31 30.51
119.076 103.425 30.71
118.96 103.541 30.91
118.845 103.656 31.11
118.729 103.772 31.31
118.614 103.887 31.51
118.498 104.003 31.71
118.383 104.118 31.91
118.268 104.233 32.11
118.152 104.349 32.31
118.037 104.464 32.51
117.921 104.58 32.71
117.806 104.695 32.91
117.69 104.811 33.11
117.575 104.926 33.31
117.459 105.042 33.51
117.344 105.157 33.71
117.228 105.273 33.91
117.113 105.388 34.11
116.997 105.504 34.31
116.882 105.619 34.51
116.766 105.735 34.71
116.651 105.85 34.91
116.535 105.966 35.11
116.42 106.081 35.31
116.304 106.197 35.51
116.189 106.312 35.71
116.074 106.427 35.91
115.958 106.543 36.11
115.843 106.658 36.31
115.727 106.774 36.51
115.612 106.889 36.71
115.496 107.005 36.91
115.381 107.12 37.11
115.265 107.236 37.31
115.15 107.351 37.51
115.034 107.467 37.71
114.919 107.582 37.91
114.803 107.698 38.11
114.688 107.813 38.31
114.572 107.929 38.51
114.457 108.044 38.71
114.341 108.16 38.91
114.226 108.275 39.11
114.111 108.39 39.31
113.995 108.506 39.51
113.88 108.621 39.71
113.764 108.737 39.91
113.649 108.852 40.11
113.533 108.968 40.31
113.418 109.083 40.51
113.302 109.199 40.71
113.187 109.314 40.91
113.071 109.43 41.11
112.956 109.545 41.31
112.84 109.661 41.51
112.725 109.776 41.71
112.609 109.892 41.91
112.494 110.007 42.11
112.378 110.123 42.31
112.263 110.238 42.51
112.148 110.353 42.71
112.032 110.469 42.91
111.917 110.584 43.11
111.801 110.7 43.31
111.686 110.815 43.51
111.57 110.931 43.71
111.455 111.046 43.91
111.339 111.162 44.11
