154.72 125.28 55.28 75.28 105 125.28 1.66
154.8 125.2 55.2 75.2 105 125.2 1.71
154.8 125.2 55.2 75.2 105 125.2 1.91
154.8 125.2 55.2 75.2 105 125.2 2.11
154.8 125.2 55.2 75.2 105 125.2 2.31
154.8 125.2 55.2 75.2 105 125.2 2.51
154.8 125.2 55.2 75.2 105 125.2 2.71
154.8 125.2 55.2 75.2 105 125.2 2.91
154.8 125.2 55.2 75.2 105 125.2 3.11
154.8 125.2 55.2 75.2 105 125.2 3.31
154.8 125.2 55.2 75.2 105 125.2 3.51
154.8 125.2 55.2 75.2 105 125.2 3.71
154.8 125.2 55.2 75.2 105 125.2 3.91
154.8 125.2 55.2 75.2 105 125.2 4.11
154.8 125.2 55.2 75.2 105 125.2 4.31
154.8 125.2 55.2 75.2 105 125.2 4.51
154.8 125.2 55.2 75.2 105 125.2 4.71
154.8 125.2 55.2 75.2 105 125.2 4.91
154.8 125.2 55.2 75.2 105 125.2 5.11
154.8 125.2 55.2 75.2 105 125.2 5.31
154.8 125.2 55.2 75.2 105 125.2 5.51
154.8 125.2 55.2 75.2 105 125.2 5.71
154.8 125.2 55.2 75.2 105 125.2 5.91
154.8 125.2 55.2 75.2 105 125.2 6.11
154.8 125.2 55.2 75.2 105 125.2 6.31
154.8 125.2 55.2 75.2 105 125.2 6.51
154.8 125.2 55.2 75.2 105 125.2 6.71
154.8 125.2 55.2 75.2 105 125.2 6.91
154.8 125.2 55.2 75.2 105 125.2 7.11
154.8 125.2 55.2 75.2 105 125.2 7.31
154.8 125.2 55.2 75.2 105 125.2 7.51
154.8 125.2 55.2 75.2 105 125.2 7.71
154.8 125.2 55.2 75.2 105 125.2 7.91
154.8 125.2 55.2 75.2 105 125.2 8.11
154.8 125.2 55.2 75.2 105 125.2 8.31
154.8 125.2 55.2 75.2 105 125.2 8.51
154.8 125.2 55.2 75.2 105 125.2 8.71
154.8 125.2 55.2 75.2 105 125.2 8.91
154.8 125.2 55.2 75.2 105 125.2 9.11
154.8 125.2 55.2 75.2 105 125.2 9.31
154.8 125.2 55.2 75.2 105 125.2 9.51
154.8 125.2 55.2 75.2 105 125.2 9.71
154.8 125.2 55.2 75.2 105 125.2 9.91
154.8 125.2 55.2 75.2 105 125.2 10.11
154.8 125.2 55.2 75.2 105 125.2 10.31
154.8 125.2 55.2 75.2 105 125.2 10.51
154.8 125.2 55.2 75.2 105 125.2 10.71
154.8 125.2 55.2 75.2 105 125.2 10.91
154.8 125.2 55.2 75.2 105 125.2 11.11
154.8 125.2 55.2 75.2 105 125.2 11.31
154.8 125.2 55.2 75.2 105 125.2 11.51
154.8 125.2 55.2 75.2 105 125.2 11.71
154.8 125.2 55.2 75.2 105 125.2 11.91
154.8 125.2 55.2 75.2 105 125.2 12.11
154.8 125.2 55.2 75.2 105 125.2 12.31
154.8 125.2 55.2 75.2 105 125.2 12.51
154.8 125.2 55.2 75.2 105 125.2 12.71
154.8 125.2 55.2 75.2 105 125.2 12.91
154.8 125.2 55.2 75.2 105 125.2 13.11
154.8 125.2 55.2 75.2 105 125.2 13.31
154.8 125.2 55.2 75.2 105 125.2 13.51
154.8 125.2 55.2 75.2 105 125.2 13.71
154.8 125.2 55.2 75.2 105 125.2 13.91
154.8 125.2 55.2 75.2 105 125.2 14.11
154.8 125.2 55.2 75.2 105 125.2 14.31
154.8 125.2 55.2 75.2 105 125.2 14.51
154.8 125.2 55.2 75.2 105 125.2 14.71
154.8 125.2 55.2 75.2 105 125.2 14.91
154.8 125.2 55.2 75.2 105 125.2 15.11
154.8 125.2 55.2 75.2 105 125.2 15.31
154.8 125.2 55.2 75.2 105 125.2 15.51
154.8 125.2 55.2 75.2 105 125.2 15.71
154.8 125.2 55.2 75.2 105 125.2 15.91
154.8 125.2 55.2 75.2 105 125.2 16.11
154.8 125.2 55.2 75.2 105 125.2 16.31
154.8 125.2 55.2 75.2 105 125.2 16.51
154.8 125.2 55.2 75.2 105 125.2 16.71
154.8 125.2 55.2 75.2 105 125.2 16.91
154.8 125.2 55.2 75.2 105 125.2 17.11
154.8 125.2 55.2 75.2 105 125.2 17.31
154.8 125.2 55.2 75.2 105 125.2 17.51
154.8 125.2 55.2 75.2 105 125.2 17.71
154.8 125.2 55.2 75.2 105 125.2 17.91
154.8 125.2 55.2 75.2 105 125.2 18.11
154.8 125.2 55.2 75.2 105 125.2 18.31
154.8 125.2 55.2 75.2 105 125.2 18.51
154.8 125.2 55.2 75.2 105 125.2 18.71
154.8 125.2 55.2 75.2 105 125.2 18.91
154.8 125.2 55.2 75.2 105 125.2 19.11
154.8 125.2 55.2 75.2 105 125.2 19.31
154.8 125.2 55.2 75.2 105 125.2 19.51
154.8 125.2 55.2 75.2 105 125.2 19.71
154.8 125.2 55.2 75.2 105 125.2 19.91
154.8 125.2 55.2 75.2 105 125.2 20.11
154.8 125.2 55.2 75.2 105 125.2 20.31
154.8 125.2 55.2 75.2 105 125.2 20.51
154.8 125.2 55.2 75.2 105 125.2 20.71
154.8 125.2 55.2 75.2 105 125.2 20.91
154.8 125.2 55.2 75.2 105 125.2 21.11
154.8 125.2 55.2 75.2 105 125.2 21.31
154.8 125.2 55.2 75.2 105 125.2 21.51
154.8 125.2 55.2 75.2 105 125.2 21.71
154.8 125.2 55.2 75.2 105 125.2 21.91
154.8 125.2 55.2 75.2 105 125.2 22.11
154.8 125.2 55.2 75.2 105 125.2 22.31
154.8 125.2 55.2 75.2 105 125.2 22.51
154.8 125.2 55.2 75.2 105 125.2 22.71
154.8 125.2 55.2 75.2 105 125.2 22.91
154.8 125.2 55.2 75.2 105 125.2 23.11
154.8 125.2 55.2 75.2 105 125.2 23.31
154.8 125.2 55.2 75.2 105 125.2 23.51
154.8 125.2 55.2 75.2 105 125.2 23.71
154.8 125.2 55.2 75.2 105 125.2 23.91
154.8 125.2 55.2 75.2 105 125.2 24.11
154.8 125.2 55.2 75.2 105 125.2 24.31
154.8 125.2 55.2 75.2 105 125.2 24.51
154.8 125.2 55.2 75.2 105 125.2 24.71
154.8 125.2 55.2 75.2 105 125.2 24.91
154.8 125.2 55.2 75.2 105 125.2 25.11
154.8 125.2 55.2 75.2 105 125.2 25.31
154.8 125.2 55.2 75.2 105 125.2 25.51
154.8 125.2 55.2 75.2 105 125.2 25.71
154.8 125.2 55.2 75.2 105 125.2 25.91
154.8 125.2 55.2 75.2 105 125.2 26.11
154.8 125.2 55.2 75.2 105 125.2 26.31
154.8 125.2 55.2 75.2 105 125.2 26.51
154.8 125.2 55.2 75.2 105 125.2 26.71
154.8 125.2 55.2 75.2 105 125.2 26.91
154.8 125.2 55.2 75.2 105 125.2 27.11
154.8 125.2 55.2 75.2 105 125.2 27.31
154.8 125.2 55.2 75.2 105 125.2 27.51
154.8 125.2 55.2 75.2 105 125.2 27.71
154.8 125.2 55.2 75.2 105 125.2 27.91
154.8 125.2 55.2 75.2 105 125.2 28.11
154.8 125.2 55.2 75.2 105 125.2 28.31
154.8 125.2 55.2 75.2 105 125.2 28.51
154.8 125.2 55.2 75.2 105 125.2 28.71
154.8 125.2 55.2 75.2 105 125.2 28.91
154.8 125.2 55.2 75.2 105 125.2 29.11
154.8 125.2 55.2 75.2 105 125.2 29.31
154.8 125.2 55.2 75.2 105 125.2 29.51
154.8 125.2 55.2 75.2 105 125.2 29.71
154.8 125.2 55.2 75.2 105 125.2 29.91
154.8 125.2 55.2 75.2 105 125.2 30.11
154.8 125.2 55.2 75.2 105 125.2 30.31
154.8 125.2 55.2 75.2 105 125.2 30.51
154.8 125.2 55.2 75.2 105 125.2 30.71
154.8 125.2 55.2 75.2 105 125.2 30.91
154.8 125.2 55.2 75.2 105 125.2 31.11
154.8 125.2 55.2 75.2 105 125.2 31.31
154.8 125.2 55.2 75.2 105 125.2 31.51
154.8 125.2 55.2 75.2 105 125.2 31.71
154.8 125.2 55.2 75.2 105 125.2 31.91
154.8 125.2 55.2 75.2 105 125.2 32.11
154.8 125.2 55.2 75.2 105 125.2 32.31
154.8 125.2 55.2 75.2 105 125.2 32.51
154.8 125.2 55.2 75.2 105 125.2 32.71
154.8 125.2 55.2 75.2 105 125.2 32.91
154.8 125.2 55.2 75.2 105 125.2 33.11
154.8 125.2 55.2 75.2 105 125.2 33.31
154.8 125.2 55.2 75.2 105 125.2 33.51
154.8 125.2 55.2 75.2 105 125.2 33.71
154.8 125.2 55.2 75.2 105 125.2 33.91
154.8 125.2 55.2 75.2 105 125.2 34.11
154.8 125.2 55.2 75.2 105 125.2 34.31
154.8 125.2 55.2 75.2 105 125.2 34.51
154.8 125.2 55.2 75.2 105 125.2 34.71
154.8 125.2 55.2 75.2 105 125.2 34.91
154.8 125.2 55.2 75.2 105 125.2 35.11
154.8 125.2 55.2 75.2 105 125.2 35.31
154.8 125.2 55.2 75.2 105 125.2 35.51
154.8 125.2 55.2 75.2 105 125.2 35.71
154.8 125.2 55.2 75.2 105 125.2 35.91
154.8 125.2 55.2 75.2 105 125.2 36.11
154.8 125.2 55.2 75.2 105 125.2 36.31
154.8 125.2 55.2 75.2 105 125.2 36.51
154.8 125.2 55.2 75.2 105 125.2 36.71
154.8 125.2 55.2 75.2 105 125.2 36.91
154.8 125.2 55.2 75.2 105 125.2 37.11
154.8 125.2 55.2 75.2 105 125.2 37.31
154.8 125.2 55.2 75.2 105 125.2 37.51
154.8 125.2 55.2 75.2 105 125.2 37.71
154.8 125.2 55.2 75.2 105 125.2 37.91
154.8 125.2 55.2 75.2 105 125.2 38.11
154.8 125.2 55.2 75.2 105 125.2 38.31
154.8 125.2 55.2 75.2 105 125.2 38.51
154.8 125.2 55.2 75.2 105 125.2 38.71
154.8 125.2 55.2 75.2 105 125.2 38.91
154.8 125.2 55.2 75.2 105 125.2 39.11
154.8 125.2 55.2 75.2 105 125.2 39.31
154.8 125.2 55.2 75.2 105 125.2 39.51
154.8 125.2 55.2 75.2 105 125.2 39.71
154.8 125.2 55.2 75.2 105 125.2 39.91
154.8 125.2 55.2 75.2 105 125.2 40.11
154.8 125.2 55.2 75.2 105 125.2 40.31
154.8 125.2 55.2 75.2 105 125.2 40.51
154.8 125.2 55.2 75.2 105 125.2 40.71
154.8 125.2 55.2 75.2 105 125.2 40.91
154.8 125.2 55.2 75.2 105 125.2 41.11
154.8 125.2 55.2 75.2 105 125.2 41.31
154.8 125.2 55.2 75.2 105 125.2 41.51
154.8 125.2 55.2 75.2 105 125.2 41.71
154.8 125.2 55.2 75.2 105 125.2 41.91
154.8 125.2 55.2 75.2 105 125.2 42.11
154.8 125.2 55.2 75.2 105 125.2 42.31
154.8 125.2 55.2 75.2 105 125.2 42.51
154.8 125.2 55.2 75.2 105 125.2 42.71
154.8 125.2 55.2 75.2 105 125.2 42.91
154.8 125.2 55.2 75.2 105 125.2 43.11
154.8 125.2 55.2 75.2 105 125.2 43.31
154.8 125.2 55.2 75.2 105 125.2 43.51
154.8 125.2 55.2 75.2 105 125.2 43.71
154.8 125.2 55.2 75.2 105 125.2 43.91
154.8 125.2 55.2 75.2 105 125.2 44.11
154.8 125.2 55.2 75.2 105 125.2 44.31
154.8 125.2 55.2 75.2 105 125.2 44.51
154.8 125.2 55.2 75.2 105 125.2 44.71
154.8 125.2 55.2 75.2 105 125.2 44.91
154.8 125.2 55.2 75.2 105 125.2 45.11
154.8 125.2 55.2 75.2 105 125.2 45.31
154.8 125.2 55.2 75.2 105 125.2 45.51
154.8 125.2 55.2 75.2 105 125.2 45.71
154.8 125.2 55.2 75.2 105 125.2 45.91
154.8 125.2 55.2 75.2 105 125.2 46.11
154.8 125.2 55.2 75.2 105 125.2 46.31
154.8 125.2 55.2 75.2 105 125.2 46.51
154.8 125.2 55.2 75.2 105 125.2 46.71
154.8 125.2 55.2 75.2 105 125.2 46.91
154.8 125.2 55.2 75.2 105 125.2 47.11
154.8 125.2 55.2 75.2 105 125.2 47.31
154.8 125.2 55.2 75.2 105 125.2 47.51
154.8 125.2 55.2 75.2 105 125.2 47.71
154.8 125.2 55.2 75.2 105 125.2 47.91
154.8 125.2 55.2 75.2 105 125.2 48.11
154.8 125.2 55.2 75.2 105 125.2 48.31
154.8 125.2 55.2 75.2 105 125.2 48.51
154.8 125.2 55.2 75.2 105 125.2 48.71
154.8 125.2 55.2 75.2 105 125.2 48.91
154.8 125.2 55.2 75.2 105 125.2 49.11
154.8 125.2 55.2 75.2 105 125.2 49.31
154.8 125.2 55.2 75.2 105 125.2 49.51
154.8 125.2 55.2 75.2 105 125.2 49.71
154.8 125.2 55.2 75.2 105 125.2 49.91
154.8 125.2 55.2 75.2 105 125.2 50.11
154.8 125.2 55.2 75.2 105 125.2 50.31
154.8 125.2 55.2 75.2 105 125.2 50.51
154.8 125.2 55.2 75.2 105 125.2 50.71
154.8 125.2 55.2 75.2 105 125.2 50.91
154.8 125.2 55.2 75.2 105 125.2 51.11
154.8 125.2 55.2 75.2 105 125.2 51.31
