


  x ration
-10.734478999538636
-6.541725907940629
-9.308739129401646
-12.678742479971632
-9.763391990277615
-6.994610289237253
-10.870411827996943
-12.052448958791887
-11.826581254962946
-11.309932474018945
-7.831045430423736
-6.6720574225049205
-7.588909145938544
-6.068037686849517
-2.0678825620051633
-7.674906367869033
-6.061405757144142



y ration
-2.6545313393284955
-1.498163471844992
-2.4608972737268524
-0.7483104876520036
-1.5551595050669986
-1.845271021674915
-0.3157082429443279
2.4763271479007813
-0.932762841340513
-2.2849654441371245
-2.9337757773702067
-3.7929670982163004
-2.9288581996932526
-3.6072606934519356
-3.4946798041086495
-5.852597225078411
-7.327776821598868
