135.868 86.632 1.66
135.977 86.523 1.71
135.977 86.523 1.91
135.977 86.523 2.11
135.977 86.523 2.31
135.977 86.523 2.51
135.977 86.523 2.71
135.977 86.523 2.91
135.977 86.523 3.11
135.977 86.523 3.31
135.977 86.523 3.51
135.977 86.523 3.71
135.977 86.523 3.91
135.977 86.523 4.11
135.977 86.523 4.31
135.977 86.523 4.51
135.977 86.523 4.71
135.977 86.523 4.91
135.977 86.523 5.11
135.977 86.523 5.31
135.977 86.523 5.51
135.977 86.523 5.71
135.977 86.523 5.91
135.977 86.523 6.11
135.977 86.523 6.31
135.977 86.523 6.51
135.977 86.523 6.71
135.977 86.523 6.91
135.977 86.523 7.11
135.977 86.523 7.31
135.977 86.523 7.51
135.977 86.523 7.71
135.977 86.523 7.91
135.977 86.523 8.11
135.977 86.523 8.31
135.977 86.523 8.51
135.977 86.523 8.71
135.977 86.523 8.91
135.977 86.523 9.11
135.977 86.523 9.31
135.977 86.523 9.51
135.977 86.523 9.71
135.977 86.523 9.91
135.977 86.523 10.11
135.977 86.523 10.31
135.977 86.523 10.51
135.977 86.523 10.71
135.977 86.523 10.91
135.977 86.523 11.11
135.977 86.523 11.31
135.977 86.523 11.51
135.977 86.523 11.71
135.977 86.523 11.91
135.977 86.523 12.11
135.977 86.523 12.31
135.977 86.523 12.51
135.977 86.523 12.71
135.977 86.523 12.91
135.977 86.523 13.11
135.977 86.523 13.31
135.977 86.523 13.51
135.977 86.523 13.71
135.977 86.523 13.91
135.977 86.523 14.11
135.977 86.523 14.31
135.977 86.523 14.51
135.977 86.523 14.71
135.977 86.523 14.91
135.977 86.523 15.11
135.977 86.523 15.31
135.977 86.523 15.51
135.977 86.523 15.71
135.977 86.523 15.91
135.977 86.523 16.11
135.977 86.523 16.31
135.977 86.523 16.51
135.977 86.523 16.71
135.977 86.523 16.91
135.977 86.523 17.11
135.977 86.523 17.31
135.977 86.523 17.51
135.977 86.523 17.71
135.977 86.523 17.91
135.977 86.523 18.11
135.977 86.523 18.31
135.977 86.523 18.51
135.977 86.523 18.71
135.977 86.523 18.91
135.977 86.523 19.11
135.977 86.523 19.31
135.977 86.523 19.51
135.977 86.523 19.71
135.977 86.523 19.91
135.977 86.523 20.11
135.977 86.523 20.31
135.977 86.523 20.51
135.977 86.523 20.71
135.977 86.523 20.91
135.977 86.523 21.11
135.977 86.523 21.31
135.977 86.523 21.51
135.977 86.523 21.71
135.977 86.523 21.91
135.977 86.523 22.11
135.977 86.523 22.31
135.977 86.523 22.51
135.977 86.523 22.71
135.977 86.523 22.91
135.977 86.523 23.11
135.977 86.523 23.31
135.977 86.523 23.51
135.977 86.523 23.71
135.977 86.523 23.91
135.977 86.523 24.11
135.977 86.523 24.31
135.977 86.523 24.51
135.977 86.523 24.71
135.977 86.523 24.91
135.977 86.523 25.11
135.977 86.523 25.31
135.977 86.523 25.51
135.977 86.523 25.71
135.977 86.523 25.91
135.977 86.523 26.11
135.977 86.523 26.31
135.977 86.523 26.51
135.977 86.523 26.71
135.977 86.523 26.91
135.977 86.523 27.11
135.977 86.523 27.31
135.977 86.523 27.51
135.977 86.523 27.71
135.977 86.523 27.91
135.977 86.523 28.11
135.977 86.523 28.31
135.977 86.523 28.51
135.977 86.523 28.71
135.977 86.523 28.91
135.977 86.523 29.11
135.977 86.523 29.31
135.977 86.523 29.51
135.977 86.523 29.71
135.977 86.523 29.91
135.977 86.523 30.11
135.977 86.523 30.31
135.977 86.523 30.51
135.977 86.523 30.71
135.977 86.523 30.91
135.977 86.523 31.11
135.977 86.523 31.31
135.977 86.523 31.51
135.977 86.523 31.71
135.977 86.523 31.91
135.977 86.523 32.11
135.977 86.523 32.31
135.977 86.523 32.51
135.977 86.523 32.71
135.977 86.523 32.91
135.977 86.523 33.11
135.977 86.523 33.31
135.977 86.523 33.51
135.977 86.523 33.71
135.977 86.523 33.91
135.977 86.523 34.11
135.977 86.523 34.31
135.977 86.523 34.51
135.977 86.523 34.71
135.977 86.523 34.91
135.977 86.523 35.11
135.977 86.523 35.31
135.977 86.523 35.51
135.977 86.523 35.71
135.977 86.523 35.91
135.977 86.523 36.11
135.977 86.523 36.31
135.977 86.523 36.51
135.977 86.523 36.71
135.977 86.523 36.91
135.977 86.523 37.11
135.977 86.523 37.31
135.977 86.523 37.51
135.977 86.523 37.71
135.977 86.523 37.91
135.977 86.523 38.11
135.977 86.523 38.31
135.977 86.523 38.51
135.977 86.523 38.71
135.977 86.523 38.91
135.977 86.523 39.11
135.977 86.523 39.31
135.977 86.523 39.51
135.977 86.523 39.71
135.977 86.523 39.91
135.977 86.523 40.11
135.977 86.523 40.31
135.977 86.523 40.51
135.977 86.523 40.71
135.977 86.523 40.91
135.977 86.523 41.11
135.977 86.523 41.31
135.977 86.523 41.51
135.977 86.523 41.71
135.977 86.523 41.91
135.977 86.523 42.11
135.977 86.523 42.31
135.977 86.523 42.51
135.977 86.523 42.71
135.977 86.523 42.91
135.977 86.523 43.11
135.977 86.523 43.31
135.977 86.523 43.51
135.977 86.523 43.71
135.977 86.523 43.91
135.977 86.523 44.11
135.977 86.523 44.31
135.977 86.523 44.51
135.977 86.523 44.71
135.977 86.523 44.91
135.977 86.523 45.11
135.977 86.523 45.31
135.977 86.523 45.51
135.977 86.523 45.71
135.977 86.523 45.91
135.977 86.523 46.11
135.977 86.523 46.31
135.977 86.523 46.51
135.977 86.523 46.71
135.977 86.523 46.91
135.977 86.523 47.11
135.977 86.523 47.31
135.977 86.523 47.51
135.977 86.523 47.71
135.977 86.523 47.91
135.977 86.523 48.11
135.977 86.523 48.31
135.977 86.523 48.51
135.977 86.523 48.71
135.977 86.523 48.91
135.977 86.523 49.11
135.977 86.523 49.31
135.977 86.523 49.51
135.977 86.523 49.71
135.977 86.523 49.91
135.977 86.523 50.11
135.977 86.523 50.31
135.977 86.523 50.51
135.977 86.523 50.71
135.977 86.523 50.91
135.977 86.523 51.11
135.977 86.523 51.31
