129.72 80.28 1.66
129.8 80.2 1.71
129.8 80.2 1.91
129.8 80.2 2.11
129.8 80.2 2.31
129.8 80.2 2.51
129.8 80.2 2.71
129.8 80.2 2.91
129.8 80.2 3.11
129.8 80.2 3.31
129.8 80.2 3.51
129.8 80.2 3.71
129.8 80.2 3.91
129.8 80.2 4.11
129.8 80.2 4.31
129.8 80.2 4.51
129.8 80.2 4.71
129.8 80.2 4.91
129.8 80.2 5.11
129.8 80.2 5.31
129.8 80.2 5.51
129.8 80.2 5.71
129.8 80.2 5.91
129.8 80.2 6.11
129.8 80.2 6.31
129.8 80.2 6.51
129.8 80.2 6.71
129.8 80.2 6.91
129.8 80.2 7.11
129.8 80.2 7.31
129.8 80.2 7.51
129.8 80.2 7.71
129.8 80.2 7.91
129.8 80.2 8.11
129.8 80.2 8.31
129.8 80.2 8.51
129.8 80.2 8.71
129.8 80.2 8.91
129.8 80.2 9.11
129.8 80.2 9.31
129.8 80.2 9.51
129.8 80.2 9.71
129.8 80.2 9.91
129.8 80.2 10.11
129.8 80.2 10.31
129.8 80.2 10.51
129.8 80.2 10.71
129.8 80.2 10.91
129.8 80.2 11.11
129.8 80.2 11.31
129.8 80.2 11.51
129.8 80.2 11.71
129.8 80.2 11.91
129.8 80.2 12.11
129.8 80.2 12.31
129.8 80.2 12.51
129.8 80.2 12.71
129.8 80.2 12.91
129.8 80.2 13.11
129.8 80.2 13.31
129.8 80.2 13.51
129.8 80.2 13.71
129.8 80.2 13.91
129.8 80.2 14.11
129.8 80.2 14.31
129.8 80.2 14.51
129.8 80.2 14.71
129.8 80.2 14.91
129.8 80.2 15.11
129.8 80.2 15.31
129.8 80.2 15.51
129.8 80.2 15.71
129.8 80.2 15.91
129.8 80.2 16.11
129.8 80.2 16.31
129.8 80.2 16.51
129.8 80.2 16.71
129.8 80.2 16.91
129.8 80.2 17.11
129.8 80.2 17.31
129.8 80.2 17.51
129.8 80.2 17.71
129.8 80.2 17.91
129.8 80.2 18.11
129.8 80.2 18.31
129.8 80.2 18.51
129.8 80.2 18.71
129.8 80.2 18.91
129.8 80.2 19.11
129.8 80.2 19.31
129.8 80.2 19.51
129.8 80.2 19.71
129.8 80.2 19.91
129.8 80.2 20.11
129.8 80.2 20.31
129.8 80.2 20.51
129.8 80.2 20.71
129.8 80.2 20.91
129.8 80.2 21.11
129.8 80.2 21.31
129.8 80.2 21.51
129.8 80.2 21.71
129.8 80.2 21.91
129.8 80.2 22.11
129.8 80.2 22.31
129.8 80.2 22.51
129.8 80.2 22.71
129.8 80.2 22.91
129.8 80.2 23.11
129.8 80.2 23.31
129.8 80.2 23.51
129.8 80.2 23.71
129.8 80.2 23.91
129.8 80.2 24.11
129.8 80.2 24.31
129.8 80.2 24.51
129.8 80.2 24.71
129.8 80.2 24.91
129.8 80.2 25.11
129.8 80.2 25.31
129.8 80.2 25.51
129.8 80.2 25.71
129.8 80.2 25.91
129.8 80.2 26.11
129.8 80.2 26.31
129.8 80.2 26.51
129.8 80.2 26.71
129.8 80.2 26.91
129.8 80.2 27.11
129.8 80.2 27.31
129.8 80.2 27.51
129.8 80.2 27.71
129.8 80.2 27.91
129.8 80.2 28.11
129.8 80.2 28.31
129.8 80.2 28.51
129.8 80.2 28.71
129.8 80.2 28.91
129.8 80.2 29.11
129.8 80.2 29.31
129.8 80.2 29.51
129.8 80.2 29.71
129.8 80.2 29.91
129.8 80.2 30.11
129.8 80.2 30.31
129.8 80.2 30.51
129.8 80.2 30.71
129.8 80.2 30.91
129.8 80.2 31.11
129.8 80.2 31.31
129.8 80.2 31.51
129.8 80.2 31.71
129.8 80.2 31.91
129.8 80.2 32.11
129.8 80.2 32.31
129.8 80.2 32.51
129.8 80.2 32.71
129.8 80.2 32.91
129.8 80.2 33.11
129.8 80.2 33.31
129.8 80.2 33.51
129.8 80.2 33.71
129.8 80.2 33.91
129.8 80.2 34.11
129.8 80.2 34.31
129.8 80.2 34.51
129.8 80.2 34.71
129.8 80.2 34.91
129.8 80.2 35.11
129.8 80.2 35.31
129.8 80.2 35.51
129.8 80.2 35.71
129.8 80.2 35.91
129.8 80.2 36.11
129.8 80.2 36.31
129.8 80.2 36.51
129.8 80.2 36.71
129.8 80.2 36.91
129.8 80.2 37.11
129.8 80.2 37.31
129.8 80.2 37.51
129.8 80.2 37.71
129.8 80.2 37.91
129.8 80.2 38.11
129.8 80.2 38.31
129.8 80.2 38.51
129.8 80.2 38.71
129.8 80.2 38.91
129.8 80.2 39.11
129.8 80.2 39.31
129.8 80.2 39.51
129.8 80.2 39.71
129.8 80.2 39.91
129.8 80.2 40.11
129.8 80.2 40.31
129.8 80.2 40.51
129.8 80.2 40.71
129.8 80.2 40.91
129.8 80.2 41.11
129.8 80.2 41.31
129.8 80.2 41.51
129.8 80.2 41.71
129.8 80.2 41.91
129.8 80.2 42.11
129.8 80.2 42.31
129.8 80.2 42.51
129.8 80.2 42.71
129.8 80.2 42.91
129.8 80.2 43.11
129.8 80.2 43.31
129.8 80.2 43.51
129.8 80.2 43.71
129.8 80.2 43.91
129.8 80.2 44.11
129.8 80.2 44.31
129.8 80.2 44.51
129.8 80.2 44.71
129.8 80.2 44.91
129.8 80.2 45.11
129.8 80.2 45.31
129.8 80.2 45.51
129.8 80.2 45.71
129.8 80.2 45.91
129.8 80.2 46.11
129.8 80.2 46.31
129.8 80.2 46.51
129.8 80.2 46.71
129.8 80.2 46.91
129.8 80.2 47.11
129.8 80.2 47.31
129.8 80.2 47.51
129.8 80.2 47.71
129.8 80.2 47.91
129.8 80.2 48.11
129.8 80.2 48.31
129.8 80.2 48.51
129.8 80.2 48.71
129.8 80.2 48.91
129.8 80.2 49.11
129.8 80.2 49.31
129.8 80.2 49.51
129.8 80.2 49.71
129.8 80.2 49.91
129.8 80.2 50.11
129.8 80.2 50.31
129.8 80.2 50.51
129.8 80.2 50.71
129.8 80.2 50.91
129.8 80.2 51.11
129.8 80.2 51.31
129.8 80.2 51.51
129.8 80.2 51.71
129.8 80.2 51.91
129.8 80.2 52.11
129.8 80.2 52.31
129.8 80.2 52.51
129.8 80.2 52.71
129.8 80.2 52.91
129.8 80.2 53.11
129.8 80.2 53.31
129.8 80.2 53.51
129.8 80.2 53.71
129.8 80.2 53.91
129.8 80.2 54.11
129.8 80.2 54.31
129.8 80.2 54.51
129.8 80.2 54.71
129.8 80.2 54.91
129.8 80.2 55.11
129.8 80.2 55.31
129.8 80.2 55.51
129.8 80.2 55.71
129.8 80.2 55.91
129.8 80.2 56.11
129.8 80.2 56.31
129.8 80.2 56.51
129.8 80.2 56.71
129.8 80.2 56.91
129.8 80.2 57.11
129.8 80.2 57.31
129.8 80.2 57.51
129.8 80.2 57.71
129.8 80.2 57.91
129.8 80.2 58.11
129.8 80.2 58.31
129.8 80.2 58.51
129.8 80.2 58.71
129.8 80.2 58.91
129.8 80.2 59.11
129.8 80.2 59.31
129.8 80.2 59.51
129.8 80.2 59.71
129.8 80.2 59.91
129.8 80.2 60.11
129.8 80.2 60.31
129.8 80.2 60.51
129.8 80.2 60.71
129.8 80.2 60.91
129.8 80.2 61.11
129.8 80.2 61.31
129.8 80.2 61.51
129.8 80.2 61.71
129.8 80.2 61.91
129.8 80.2 62.11
129.8 80.2 62.31
129.8 80.2 62.51
129.8 80.2 62.71
129.8 80.2 62.91
129.8 80.2 63.11
129.8 80.2 63.31
129.8 80.2 63.51
129.8 80.2 63.71
129.8 80.2 63.91
129.8 80.2 64.11
129.8 80.2 64.31
129.8 80.2 64.51
129.8 80.2 64.71
129.8 80.2 64.91
129.8 80.2 65.11
129.8 80.2 65.31
129.8 80.2 65.51
129.8 80.2 65.71
129.8 80.2 65.91
129.8 80.2 66.11
129.8 80.2 66.31
129.8 80.2 66.51
129.8 80.2 66.71
129.8 80.2 66.91
129.8 80.2 67.11
129.8 80.2 67.31
129.8 80.2 67.51
129.8 80.2 67.71
129.8 80.2 67.91
129.8 80.2 68.11
129.8 80.2 68.31
129.8 80.2 68.51
129.8 80.2 68.71
129.8 80.2 68.91
129.8 80.2 69.11
129.8 80.2 69.31
129.8 80.2 69.51
129.8 80.2 69.71
129.8 80.2 69.91
129.8 80.2 70.11
129.8 80.2 70.31
129.8 80.2 70.51
129.8 80.2 70.71
129.8 80.2 70.91
129.8 80.2 71.11
129.8 80.2 71.31
129.8 80.2 71.51
129.8 80.2 71.71
129.8 80.2 71.91
129.8 80.2 72.11
129.8 80.2 72.31
129.8 80.2 72.51
129.8 80.2 72.71
129.8 80.2 72.91
129.8 80.2 73.11
129.8 80.2 73.31
129.8 80.2 73.51
129.8 80.2 73.71
129.8 80.2 73.91
129.8 80.2 74.11
129.8 80.2 74.31
129.8 80.2 74.51
129.8 80.2 74.71
129.8 80.2 74.91
129.8 80.2 75.11
129.8 80.2 75.31
129.8 80.2 75.51
129.8 80.2 75.71
129.8 80.2 75.91
129.8 80.2 76.11
129.8 80.2 76.31
129.8 80.2 76.51
129.8 80.2 76.71
129.8 80.2 76.91
129.8 80.2 77.11
129.8 80.2 77.31
129.8 80.2 77.51
129.8 80.2 77.71
129.8 80.2 77.91
129.8 80.2 78.11
129.8 80.2 78.31
129.8 80.2 78.51
129.8 80.2 78.71
129.8 80.2 78.91
129.8 80.2 79.11
129.8 80.2 79.31
129.8 80.2 79.51
129.8 80.2 79.71
129.8 80.2 79.91
129.8 80.2 80.11
129.8 80.2 80.31
129.8 80.2 80.51
129.8 80.2 80.71
129.8 80.2 80.91
129.8 80.2 81.11
129.8 80.2 81.31
129.8 80.2 81.51
129.8 80.2 81.71
129.8 80.2 81.91
129.8 80.2 82.11
129.8 80.2 82.31
129.8 80.2 82.51
129.8 80.2 82.71
129.8 80.2 82.91
129.8 80.2 83.11
129.8 80.2 83.31
129.8 80.2 83.51
129.8 80.2 83.71
129.8 80.2 83.91
129.8 80.2 84.11
129.8 80.2 84.31
129.8 80.2 84.51
129.8 80.2 84.71
129.8 80.2 84.91
129.8 80.2 85.11
129.8 80.2 85.31
129.8 80.2 85.51
129.8 80.2 85.71
129.8 80.2 85.91
129.8 80.2 86.11
129.8 80.2 86.31
129.8 80.2 86.51
129.8 80.2 86.71
129.8 80.2 86.91
129.8 80.2 87.11
129.8 80.2 87.31
129.8 80.2 87.51
129.8 80.2 87.71
129.8 80.2 87.91
129.8 80.2 88.11
129.8 80.2 88.31
129.8 80.2 88.51
129.8 80.2 88.71
129.8 80.2 88.91
129.8 80.2 89.11
129.8 80.2 89.31
129.8 80.2 89.51
129.8 80.2 89.71
129.8 80.2 89.91
129.8 80.2 90.11
129.8 80.2 90.31
129.8 80.2 90.51
129.8 80.2 90.71
129.8 80.2 90.91
129.8 80.2 91.11
129.8 80.2 91.31
129.8 80.2 91.51
129.8 80.2 91.71
129.8 80.2 91.91
129.8 80.2 92.11
129.8 80.2 92.31
129.8 80.2 92.51
129.8 80.2 92.71
129.8 80.2 92.91
129.8 80.2 93.11
129.8 80.2 93.31
129.8 80.2 93.51
129.8 80.2 93.71
129.8 80.2 93.91
129.8 80.2 94.11
129.8 80.2 94.31
129.8 80.2 94.51
129.8 80.2 94.71
129.8 80.2 94.91
129.8 80.2 95.11
129.8 80.2 95.31
129.8 80.2 95.51
129.8 80.2 95.71
129.8 80.2 95.91
129.8 80.2 96.11
129.8 80.2 96.31
129.8 80.2 96.51
129.8 80.2 96.71
129.8 80.2 96.91
129.8 80.2 97.11
129.8 80.2 97.31
129.8 80.2 97.51
129.8 80.2 97.71
129.8 80.2 97.91
129.8 80.2 98.11
129.8 80.2 98.31
129.8 80.2 98.51
129.8 80.2 98.71
129.8 80.2 98.91
129.8 80.2 99.11
129.8 80.2 99.31
129.8 80.2 99.51
129.8 80.2 99.71
129.8 80.2 99.91
129.8 80.2 100.11
129.8 80.2 100.31
129.8 80.2 100.51
129.8 80.2 100.71
129.8 80.2 100.91
129.8 80.2 101.11
129.8 80.2 101.31
