154.107 102.7 55.893 107.1 105 102.7 1.3
153.992 102.7 56.008 107.1 105 102.7 1.5
153.876 102.7 56.124 107.1 105 102.7 1.7
153.761 102.7 56.239 107.1 105 102.7 1.9
153.645 102.7 56.355 107.1 105 102.7 2.1
153.53 102.7 56.47 107.1 105 102.7 2.3
153.414 102.7 56.586 107.1 105 102.7 2.5
153.299 102.7 56.701 107.1 105 102.7 2.7
153.183 102.7 56.817 107.1 105 102.7 2.9
153.068 102.7 56.932 107.1 105 102.7 3.1
152.952 102.7 57.048 107.1 105 102.7 3.3
152.837 102.7 57.163 107.1 105 102.7 3.5
152.722 102.7 57.278 107.1 105 102.7 3.7
152.606 102.7 57.394 107.1 105 102.7 3.9
152.491 102.7 57.509 107.1 105 102.7 4.1
152.375 102.7 57.625 107.1 105 102.7 4.3
152.26 102.7 57.74 107.1 105 102.7 4.5
152.144 102.7 57.856 107.1 105 102.7 4.7
152.029 102.7 57.971 107.1 105 102.7 4.9
151.913 102.7 58.087 107.1 105 102.7 5.1
151.798 102.7 58.202 107.1 105 102.7 5.3
151.682 102.7 58.318 107.1 105 102.7 5.5
151.567 102.7 58.433 107.1 105 102.7 5.7
151.451 102.7 58.549 107.1 105 102.7 5.9
151.336 102.7 58.664 107.1 105 102.7 6.1
151.22 102.7 58.78 107.1 105 102.7 6.3
151.105 102.7 58.895 107.1 105 102.7 6.5
150.989 102.7 59.01 107.1 105 102.7 6.7
150.874 102.7 59.126 107.1 105 102.7 6.9
150.759 102.7 59.241 107.1 105 102.7 7.1
150.643 102.7 59.357 107.1 105 102.7 7.3
150.528 102.7 59.472 107.1 105 102.7 7.5
150.412 102.7 59.588 107.1 105 102.7 7.7
150.297 102.7 59.703 107.1 105 102.7 7.9
150.181 102.7 59.819 107.1 105 102.7 8.1
150.066 102.7 59.934 107.1 105 102.7 8.3
149.95 102.7 60.05 107.1 105 102.7 8.5
149.835 102.7 60.165 107.1 105 102.7 8.7
149.719 102.7 60.281 107.1 105 102.7 8.9
149.604 102.7 60.396 107.1 105 102.7 9.1
149.488 102.7 60.512 107.1 105 102.7 9.3
149.373 102.7 60.627 107.1 105 102.7 9.5
149.257 102.7 60.743 107.1 105 102.7 9.7
149.142 102.7 60.858 107.1 105 102.7 9.9
149.026 102.7 60.973 107.1 105 102.7 10.1
148.911 102.7 61.089 107.1 105 102.7 10.3
148.796 102.7 61.204 107.1 105 102.7 10.5
148.68 102.7 61.32 107.1 105 102.7 10.7
148.565 102.7 61.435 107.1 105 102.7 10.9
148.449 102.7 61.551 107.1 105 102.7 11.1
148.334 102.7 61.666 107.1 105 102.7 11.3
148.218 102.7 61.782 107.1 105 102.7 11.5
148.103 102.7 61.897 107.1 105 102.7 11.7
147.987 102.7 62.013 107.1 105 102.7 11.9
147.872 102.7 62.128 107.1 105 102.7 12.1
147.756 102.7 62.244 107.1 105 102.7 12.3
147.641 102.7 62.359 107.1 105 102.7 12.5
147.525 102.7 62.475 107.1 105 102.7 12.7
147.41 102.7 62.59 107.1 105 102.7 12.9
147.294 102.7 62.706 107.1 105 102.7 13.1
147.179 102.7 62.821 107.1 105 102.7 13.3
147.063 102.7 62.936 107.1 105 102.7 13.5
146.948 102.7 63.052 107.1 105 102.7 13.7
146.833 102.7 63.167 107.1 105 102.7 13.9
146.717 102.7 63.283 107.1 105 102.7 14.1
146.602 102.7 63.398 107.1 105 102.7 14.3
146.486 102.7 63.514 107.1 105 102.7 14.5
146.371 102.7 63.629 107.1 105 102.7 14.7
146.255 102.7 63.745 107.1 105 102.7 14.9
146.14 102.7 63.86 107.1 105 102.7 15.1
146.024 102.7 63.976 107.1 105 102.7 15.3
145.909 102.7 64.091 107.1 105 102.7 15.5
145.793 102.7 64.207 107.1 105 102.7 15.7
145.678 102.7 64.322 107.1 105 102.7 15.9
145.562 102.7 64.438 107.1 105 102.7 16.1
145.447 102.7 64.553 107.1 105 102.7 16.3
145.331 102.7 64.668 107.1 105 102.7 16.5
145.216 102.7 64.784 107.1 105 102.7 16.7
145.1 102.7 64.899 107.1 105 102.7 16.9
144.985 102.7 65.015 107.1 105 102.7 17.1
144.87 102.7 65.13 107.1 105 102.7 17.3
144.754 102.7 65.246 107.1 105 102.7 17.5
144.639 102.7 65.361 107.1 105 102.7 17.7
144.523 102.7 65.477 107.1 105 102.7 17.9
144.408 102.7 65.592 107.1 105 102.7 18.1
144.292 102.7 65.708 107.1 105 102.7 18.3
144.177 102.7 65.823 107.1 105 102.7 18.5
144.061 102.7 65.939 107.1 105 102.7 18.7
143.946 102.7 66.054 107.1 105 102.7 18.9
143.83 102.7 66.17 107.1 105 102.7 19.1
143.715 102.7 66.285 107.1 105 102.7 19.3
143.599 102.7 66.401 107.1 105 102.7 19.5
143.484 102.7 66.516 107.1 105 102.7 19.7
143.368 102.7 66.631 107.1 105 102.7 19.9
143.253 102.7 66.747 107.1 105 102.7 20.1
143.137 102.7 66.862 107.1 105 102.7 20.3
143.022 102.7 66.978 107.1 105 102.7 20.5
142.907 102.7 67.093 107.1 105 102.7 20.7
142.791 102.7 67.209 107.1 105 102.7 20.9
142.676 102.7 67.324 107.1 105 102.7 21.1
142.56 102.7 67.44 107.1 105 102.7 21.3
142.445 102.7 67.555 107.1 105 102.7 21.5
142.329 102.7 67.671 107.1 105 102.7 21.7
142.214 102.7 67.786 107.1 105 102.7 21.9
142.098 102.7 67.902 107.1 105 102.7 22.1
141.983 102.7 68.017 107.1 105 102.7 22.3
141.867 102.7 68.133 107.1 105 102.7 22.5
141.752 102.7 68.248 107.1 105 102.7 22.7
141.636 102.7 68.364 107.1 105 102.7 22.9
141.521 102.7 68.479 107.1 105 102.7 23.1
141.405 102.7 68.594 107.1 105 102.7 23.3
141.29 102.7 68.71 107.1 105 102.7 23.5
141.174 102.7 68.825 107.1 105 102.7 23.7
141.059 102.7 68.941 107.1 105 102.7 23.9
140.944 102.7 69.056 107.1 105 102.7 24.1
140.828 102.7 69.172 107.1 105 102.7 24.3
140.713 102.7 69.287 107.1 105 102.7 24.5
140.597 102.7 69.403 107.1 105 102.7 24.7
140.482 102.7 69.518 107.1 105 102.7 24.9
140.366 102.7 69.634 107.1 105 102.7 25.1
140.251 102.7 69.749 107.1 105 102.7 25.3
140.135 102.7 69.865 107.1 105 102.7 25.5
140.02 102.7 69.98 107.1 105 102.7 25.7
139.904 102.7 70.096 107.1 105 102.7 25.9
139.789 102.7 70.211 107.1 105 102.7 26.1
139.673 102.7 70.326 107.1 105 102.7 26.3
139.558 102.7 70.442 107.1 105 102.7 26.5
139.442 102.7 70.557 107.1 105 102.7 26.7
139.327 102.7 70.673 107.1 105 102.7 26.9
139.211 102.7 70.788 107.1 105 102.7 27.1
139.096 102.7 70.904 107.1 105 102.7 27.3
138.981 102.7 71.019 107.1 105 102.7 27.5
138.865 102.7 71.135 107.1 105 102.7 27.7
138.75 102.7 71.25 107.1 105 102.7 27.9
138.634 102.7 71.366 107.1 105 102.7 28.1
138.519 102.7 71.481 107.1 105 102.7 28.3
138.403 102.7 71.597 107.1 105 102.7 28.5
138.288 102.7 71.712 107.1 105 102.7 28.7
138.172 102.7 71.828 107.1 105 102.7 28.9
138.057 102.7 71.943 107.1 105 102.7 29.1
137.941 102.7 72.059 107.1 105 102.7 29.3
137.826 102.7 72.174 107.1 105 102.7 29.5
137.71 102.7 72.289 107.1 105 102.7 29.7
137.595 102.7 72.405 107.1 105 102.7 29.9
137.479 102.7 72.52 107.1 105 102.7 30.1
137.364 102.7 72.636 107.1 105 102.7 30.3
137.248 102.7 72.751 107.1 105 102.7 30.5
137.133 102.7 72.867 107.1 105 102.7 30.7
137.018 102.7 72.982 107.1 105 102.7 30.9
136.902 102.7 73.098 107.1 105 102.7 31.1
136.787 102.7 73.213 107.1 105 102.7 31.3
136.671 102.7 73.329 107.1 105 102.7 31.5
136.556 102.7 73.444 107.1 105 102.7 31.7
136.44 102.7 73.56 107.1 105 102.7 31.9
136.325 102.7 73.675 107.1 105 102.7 32.1
136.209 102.7 73.791 107.1 105 102.7 32.3
136.094 102.7 73.906 107.1 105 102.7 32.5
135.978 102.7 74.022 107.1 105 102.7 32.7
135.863 102.7 74.137 107.1 105 102.7 32.9
135.747 102.7 74.252 107.1 105 102.7 33.1
135.632 102.7 74.368 107.1 105 102.7 33.3
135.516 102.7 74.483 107.1 105 102.7 33.5
135.401 102.7 74.599 107.1 105 102.7 33.7
135.285 102.7 74.714 107.1 105 102.7 33.9
135.17 102.7 74.83 107.1 105 102.7 34.1
135.054 102.7 74.945 107.1 105 102.7 34.3
134.939 102.7 75.061 107.1 105 102.7 34.5
134.824 102.7 75.176 107.1 105 102.7 34.7
134.708 102.7 75.292 107.1 105 102.7 34.9
134.593 102.7 75.407 107.1 105 102.7 35.1
134.477 102.7 75.523 107.1 105 102.7 35.3
134.362 102.7 75.638 107.1 105 102.7 35.5
134.246 102.7 75.754 107.1 105 102.7 35.7
134.131 102.7 75.869 107.1 105 102.7 35.9
134.015 102.7 75.984 107.1 105 102.7 36.1
133.9 102.7 76.1 107.1 105 102.7 36.3
133.784 102.7 76.215 107.1 105 102.7 36.5
133.669 102.7 76.331 107.1 105 102.7 36.7
133.553 102.7 76.446 107.1 105 102.7 36.9
133.438 102.7 76.562 107.1 105 102.7 37.1
133.322 102.7 76.677 107.1 105 102.7 37.3
133.207 102.7 76.793 107.1 105 102.7 37.5
133.091 102.7 76.908 107.1 105 102.7 37.7
132.976 102.7 77.024 107.1 105 102.7 37.9
132.861 102.7 77.139 107.1 105 102.7 38.1
132.745 102.7 77.255 107.1 105 102.7 38.3
132.63 102.7 77.37 107.1 105 102.7 38.5
132.514 102.7 77.486 107.1 105 102.7 38.7
132.399 102.7 77.601 107.1 105 102.7 38.9
132.283 102.7 77.717 107.1 105 102.7 39.1
132.168 102.7 77.832 107.1 105 102.7 39.3
132.052 102.7 77.947 107.1 105 102.7 39.5
131.937 102.7 78.063 107.1 105 102.7 39.7
131.821 102.7 78.178 107.1 105 102.7 39.9
131.706 102.7 78.294 107.1 105 102.7 40.1
131.59 102.7 78.409 107.1 105 102.7 40.3
131.475 102.7 78.525 107.1 105 102.7 40.5
131.359 102.7 78.64 107.1 105 102.7 40.7
131.244 102.7 78.756 107.1 105 102.7 40.9
131.128 102.7 78.871 107.1 105 102.7 41.1
131.013 102.7 78.987 107.1 105 102.7 41.3
130.898 102.7 79.102 107.1 105 102.7 41.5
130.782 102.7 79.218 107.1 105 102.7 41.7
130.667 102.7 79.333 107.1 105 102.7 41.9
130.551 102.7 79.449 107.1 105 102.7 42.1
130.436 102.7 79.564 107.1 105 102.7 42.3
130.32 102.7 79.68 107.1 105 102.7 42.5
130.205 102.7 79.795 107.1 105 102.7 42.7
130.089 102.7 79.91 107.1 105 102.7 42.9
129.974 102.7 80.026 107.1 105 102.7 43.1
129.858 102.7 80.141 107.1 105 102.7 43.3
104.8 102.7 80.258 102.7 105 999999999 43.5
104.8 102.7 80.373 102.7 105 999999999 43.7
104.8 102.7 80.489 102.7 105 999999999 43.9
104.8 102.7 80.604 102.7 105 999999999 44.1
104.8 102.7 80.72 102.7 105 999999999 44.3
104.8 102.7 80.835 102.7 105 999999999 44.5
104.8 102.7 80.951 102.7 105 999999999 44.7
104.8 102.7 81.066 102.7 105 999999999 44.9
104.8 102.7 81.182 102.7 105 999999999 45.1
104.8 102.7 81.297 102.7 105 999999999 45.3
104.8 102.7 81.413 102.7 105 999999999 45.5
104.8 102.7 81.528 102.7 105 999999999 45.7
104.8 102.7 81.644 102.7 105 999999999 45.9
104.8 102.7 81.759 102.7 105 999999999 46.1
104.8 102.7 81.874 102.7 105 999999999 46.3
104.8 102.7 81.99 102.7 105 999999999 46.5
104.8 102.7 82.105 102.7 105 999999999 46.7
104.8 102.7 82.221 102.7 105 999999999 46.9
104.8 102.7 82.336 102.7 105 999999999 47.1
104.8 102.7 82.452 102.7 105 999999999 47.3
104.8 102.7 82.567 102.7 105 999999999 47.5
104.8 102.7 82.683 102.7 105 999999999 47.7
104.8 102.7 82.798 102.7 105 999999999 47.9
104.8 102.7 82.914 102.7 105 999999999 48.1
104.8 102.7 83.029 102.7 105 999999999 48.3
104.8 102.7 83.145 102.7 105 999999999 48.5
104.8 102.7 83.26 102.7 105 999999999 48.7
104.8 102.7 83.376 102.7 105 999999999 48.9
104.8 102.7 83.491 102.7 105 999999999 49.1
104.8 102.7 83.606 102.7 105 999999999 49.3
104.8 102.7 83.722 102.7 105 999999999 49.5
104.8 102.7 83.837 102.7 105 999999999 49.7
104.8 102.7 83.953 102.7 105 999999999 49.9
104.8 102.7 84.068 102.7 105 999999999 50.1
104.8 102.7 84.184 102.7 105 999999999 50.3
104.8 102.7 84.299 102.7 105 999999999 50.5
104.8 102.7 84.415 102.7 105 999999999 50.7
104.8 102.7 84.53 102.7 105 999999999 50.9
104.8 102.7 84.646 102.7 105 999999999 51.1
104.8 102.7 84.761 102.7 105 999999999 51.3
104.8 102.7 84.877 102.7 105 999999999 51.5
104.8 102.7 84.992 102.7 105 999999999 51.7
104.8 102.7 85.108 102.7 105 999999999 51.9
104.8 102.7 85.223 102.7 105 999999999 52.1
104.8 102.7 85.339 102.7 105 999999999 52.3
104.8 102.7 85.454 102.7 105 999999999 52.5
104.8 102.7 85.569 102.7 105 999999999 52.7
104.8 102.7 85.685 102.7 105 999999999 52.9
104.8 102.7 85.8 102.7 105 999999999 53.1
104.8 102.7 85.916 102.7 105 999999999 53.3
104.8 102.7 86.031 102.7 105 999999999 53.5
104.8 102.7 86.147 102.7 105 999999999 53.7
104.8 102.7 86.262 102.7 105 999999999 53.9
104.8 102.7 86.378 102.7 105 999999999 54.1
104.8 102.7 86.493 102.7 105 999999999 54.3
104.8 102.7 86.609 102.7 105 999999999 54.5
104.8 102.7 86.724 102.7 105 999999999 54.7
104.8 102.7 86.84 102.7 105 999999999 54.9
104.8 102.7 86.955 102.7 105 999999999 55.1
104.8 102.7 87.071 102.7 105 999999999 55.3
104.8 102.7 87.186 102.7 105 999999999 55.5
104.8 102.7 87.302 102.7 105 999999999 55.7
104.8 102.7 87.417 102.7 105 999999999 55.9
104.8 102.7 87.532 102.7 105 999999999 56.1
104.8 102.7 87.648 102.7 105 999999999 56.3
104.8 102.7 87.763 102.7 105 999999999 56.5
104.8 102.7 87.879 102.7 105 999999999 56.7
104.8 102.7 87.994 102.7 105 999999999 56.9
104.8 102.7 88.11 102.7 105 999999999 57.1
104.8 102.7 88.225 102.7 105 999999999 57.3
104.8 102.7 88.341 102.7 105 999999999 57.5
104.8 102.7 88.456 102.7 105 999999999 57.7
104.8 102.7 88.572 102.7 105 999999999 57.9
104.8 102.7 88.687 102.7 105 999999999 58.1
104.8 102.7 88.803 102.7 105 999999999 58.3
104.8 102.7 88.918 102.7 105 999999999 58.5
104.8 102.7 89.034 102.7 105 999999999 58.7
104.8 102.7 89.149 102.7 105 999999999 58.9
104.8 102.7 89.264 102.7 105 999999999 59.1
104.8 102.7 89.38 102.7 105 999999999 59.3
104.8 102.7 89.495 102.7 105 999999999 59.5
104.8 102.7 89.611 102.7 105 999999999 59.7
104.8 102.7 89.726 102.7 105 999999999 59.9
104.8 102.7 89.842 102.7 105 999999999 60.1
104.8 102.7 89.957 102.7 105 999999999 60.3
104.8 102.7 90.073 102.7 105 999999999 60.5
104.8 102.7 90.188 102.7 105 999999999 60.7
104.8 102.7 90.304 102.7 105 999999999 60.9
104.8 102.7 90.419 102.7 105 999999999 61.1
104.8 102.7 90.535 102.7 105 999999999 61.3
104.8 102.7 90.65 102.7 105 999999999 61.5
104.8 102.7 90.766 102.7 105 999999999 61.7
104.8 102.7 90.881 102.7 105 999999999 61.9
104.8 102.7 90.997 102.7 105 999999999 62.1
104.8 102.7 91.112 102.7 105 999999999 62.3
104.8 102.7 91.227 102.7 105 999999999 62.5
104.8 102.7 91.343 102.7 105 999999999 62.7
104.8 102.7 91.458 102.7 105 999999999 62.9
104.8 102.7 91.574 102.7 105 999999999 63.1
104.8 102.7 91.689 102.7 105 999999999 63.3
104.8 102.7 91.805 102.7 105 999999999 63.5
104.8 102.7 91.92 102.7 105 999999999 63.7
104.8 102.7 92.036 102.7 105 999999999 63.9
104.8 102.7 92.151 102.7 105 999999999 64.1
104.8 102.7 92.267 102.7 105 999999999 64.3
104.8 102.7 92.382 102.7 105 999999999 64.5
104.8 102.7 92.498 102.7 105 999999999 64.7
104.8 102.7 92.613 102.7 105 999999999 64.9
104.8 102.7 92.729 102.7 105 999999999 65.1
104.8 102.7 92.844 102.7 105 999999999 65.3
104.8 102.7 92.96 102.7 105 999999999 65.5
104.8 102.7 93.075 102.7 105 999999999 65.7
104.8 102.7 93.19 102.7 105 999999999 65.9
104.8 102.7 93.306 102.7 105 999999999 66.1
104.8 102.7 93.421 102.7 105 999999999 66.3
104.8 102.7 93.537 102.7 105 999999999 66.5
104.8 102.7 93.652 102.7 105 999999999 66.7
104.8 102.7 93.768 102.7 105 999999999 66.9
104.8 102.7 93.883 102.7 105 999999999 67.1
104.8 102.7 93.999 102.7 105 999999999 67.3
104.8 102.7 94.114 102.7 105 999999999 67.5
104.8 102.7 94.23 102.7 105 999999999 67.7
104.8 102.7 94.345 102.7 105 999999999 67.9
104.8 102.7 94.461 102.7 105 999999999 68.1
104.8 102.7 94.576 102.7 105 999999999 68.3
104.8 102.7 94.692 102.7 105 999999999 68.5
104.8 102.7 94.807 102.7 105 999999999 68.7
104.8 102.7 94.922 102.7 105 999999999 68.9
104.8 102.7 95.038 102.7 105 999999999 69.1
104.8 102.7 95.153 102.7 105 999999999 69.3
104.8 102.7 95.269 102.7 105 999999999 69.5
104.8 102.7 95.384 102.7 105 999999999 69.7
104.8 102.7 95.5 102.7 105 999999999 69.9
104.8 102.7 95.615 102.7 105 999999999 70.1
104.8 102.7 95.731 102.7 105 999999999 70.3
104.8 102.7 95.846 102.7 105 999999999 70.5
104.8 102.7 95.962 102.7 105 999999999 70.7
104.8 102.7 96.077 102.7 105 999999999 70.9
104.8 102.7 96.193 102.7 105 999999999 71.1
104.8 102.7 96.308 102.7 105 999999999 71.3
104.8 102.7 96.424 102.7 105 999999999 71.5
104.8 102.7 96.539 102.7 105 999999999 71.7
104.8 102.7 96.655 102.7 105 999999999 71.9
104.8 102.7 96.77 102.7 105 999999999 72.1
104.8 102.7 96.885 102.7 105 999999999 72.3
104.8 102.7 97.001 102.7 105 999999999 72.5
104.8 102.7 97.116 102.7 105 999999999 72.7
104.8 102.7 97.232 102.7 105 999999999 72.9
104.8 102.7 97.347 102.7 105 999999999 73.1
104.8 102.7 97.463 102.7 105 999999999 73.3
104.8 102.7 97.578 102.7 105 999999999 73.5
104.8 102.7 97.694 102.7 105 999999999 73.7
104.8 102.7 97.809 102.7 105 999999999 73.9
104.8 102.7 97.925 102.7 105 999999999 74.1
104.8 102.7 98.04 102.7 105 999999999 74.3
104.8 102.7 98.156 102.7 105 999999999 74.5
104.8 102.7 98.271 102.7 105 999999999 74.7
104.8 102.7 98.387 102.7 105 999999999 74.9
104.8 102.7 98.502 102.7 105 999999999 75.1
104.8 102.7 98.618 102.7 105 999999999 75.3
104.8 102.7 98.733 102.7 105 999999999 75.5
104.8 102.7 98.848 102.7 105 999999999 75.7
104.8 102.7 98.964 102.7 105 999999999 75.9
104.8 102.7 99.079 102.7 105 999999999 76.1
104.8 102.7 99.195 102.7 105 999999999 76.3
104.8 102.7 99.31 102.7 105 999999999 76.5
104.8 102.7 99.426 102.7 105 999999999 76.7
104.8 102.7 99.541 102.7 105 999999999 76.9
104.8 102.7 99.657 102.7 105 999999999 77.1
104.8 102.7 99.772 102.7 105 999999999 77.3
104.8 102.7 99.888 102.7 105 999999999 77.5
104.8 102.7 100.003 102.7 105 999999999 77.7
104.8 102.7 100.119 102.7 105 999999999 77.9
104.8 102.7 100.234 102.7 105 999999999 78.1
104.8 102.7 100.35 102.7 105 999999999 78.3
104.8 102.7 100.465 102.7 105 999999999 78.5
104.8 102.7 100.58 102.7 105 999999999 78.7
104.8 102.7 100.696 102.7 105 999999999 78.9
104.8 102.7 100.811 102.7 105 999999999 79.1
104.8 102.7 100.927 102.7 105 999999999 79.3
104.8 102.7 101.042 102.7 105 999999999 79.5
104.8 102.7 101.158 102.7 105 999999999 79.7
104.8 102.7 101.273 102.7 105 999999999 79.9
104.8 102.7 101.389 102.7 105 999999999 80.1
104.8 102.7 101.504 102.7 105 999999999 80.3
104.8 102.7 101.62 102.7 105 999999999 80.5
104.8 102.7 101.735 102.7 105 999999999 80.7
104.8 102.7 101.851 102.7 105 999999999 80.9
104.8 102.7 101.966 102.7 105 999999999 81.1
104.8 102.7 102.082 102.7 105 999999999 81.3
104.8 102.7 102.197 102.7 105 999999999 81.5
104.8 102.7 102.313 102.7 105 999999999 81.7
104.8 102.7 102.428 102.7 105 999999999 81.9
104.8 102.7 102.543 102.7 105 999999999 82.1
104.8 102.7 102.659 102.7 105 999999999 82.3
104.8 102.7 102.774 102.7 105 999999999 82.5
104.8 102.7 102.89 102.7 105 999999999 82.7
104.8 102.7 103.005 102.7 105 999999999 82.9
104.8 102.7 103.121 102.7 105 999999999 83.1
104.8 102.7 103.236 102.7 105 999999999 83.3
104.8 102.7 103.352 102.7 105 999999999 83.5
104.8 102.7 103.467 102.7 105 999999999 83.7
104.8 102.7 103.583 102.7 105 999999999 83.9
104.8 102.7 103.698 102.7 105 999999999 84.1
104.8 102.7 103.814 102.7 105 999999999 84.3
104.8 102.7 103.929 102.7 105 999999999 84.5
104.8 102.7 104.045 102.7 105 999999999 84.7
104.8 102.7 104.16 102.7 105 999999999 84.9
104.8 102.7 104.276 102.7 105 999999999 85.1
104.8 102.7 104.391 102.7 105 999999999 85.3
104.8 102.7 104.506 102.7 105 999999999 85.5
104.8 102.7 104.622 102.7 105 999999999 85.7
104.8 102.7 104.737 102.7 105 999999999 85.9
