154.8 102.2 55.2 102.2 105 102.2 1.3
154.8 102.2 55.2 102.2 105 102.2 1.5
154.8 102.2 55.2 102.2 105 102.2 1.7
154.8 102.2 55.2 102.2 105 102.2 1.9
154.8 102.2 55.2 102.2 105 102.2 2.1
154.8 102.2 55.2 102.2 105 102.2 2.3
154.8 102.2 55.2 102.2 105 102.2 2.5
154.8 102.2 55.2 102.2 105 102.2 2.7
154.8 102.2 55.2 102.2 105 102.2 2.9
154.8 102.2 55.2 102.2 105 102.2 3.1
154.8 102.2 55.2 102.2 105 102.2 3.3
154.8 102.2 55.2 102.2 105 102.2 3.5
154.8 102.2 55.2 102.2 105 102.2 3.7
154.8 102.2 55.2 102.2 105 102.2 3.9
154.8 102.2 55.2 102.2 105 102.2 4.1
154.8 102.2 55.2 102.2 105 102.2 4.3
154.8 102.2 55.2 102.2 105 102.2 4.5
154.8 102.2 55.2 102.2 105 102.2 4.7
154.8 102.2 55.2 102.2 105 102.2 4.9
154.8 102.2 55.2 102.2 105 102.2 5.1
154.8 102.2 55.2 102.2 105 102.2 5.3
154.8 102.2 55.2 102.2 105 102.2 5.5
154.8 102.2 55.2 102.2 105 102.2 5.7
154.8 102.2 55.2 102.2 105 102.2 5.9
154.8 102.2 55.2 102.2 105 102.2 6.1
154.8 102.2 55.2 102.2 105 102.2 6.3
154.8 102.2 55.2 102.2 105 102.2 6.5
154.8 102.2 55.2 102.2 105 102.2 6.7
154.8 102.2 55.2 102.2 105 102.2 6.9
154.8 102.2 55.2 102.2 105 102.2 7.1
154.8 102.2 55.2 102.2 105 102.2 7.3
154.8 102.2 55.2 102.2 105 102.2 7.5
154.8 102.2 55.2 102.2 105 102.2 7.7
154.8 102.2 55.2 102.2 105 102.2 7.9
154.8 102.2 55.2 102.2 105 102.2 8.1
154.8 102.2 55.2 102.2 105 102.2 8.3
154.8 102.2 55.2 102.2 105 102.2 8.5
154.8 102.2 55.2 102.2 105 102.2 8.7
154.8 102.2 55.2 102.2 105 102.2 8.9
154.8 102.2 55.2 102.2 105 102.2 9.1
154.8 102.2 55.2 102.2 105 102.2 9.3
154.8 102.2 55.2 102.2 105 102.2 9.5
154.8 102.2 55.2 102.2 105 102.2 9.7
154.8 102.2 55.2 102.2 105 102.2 9.9
154.8 102.2 55.2 102.2 105 102.2 10.1
154.8 102.2 55.2 102.2 105 102.2 10.3
154.8 102.2 55.2 102.2 105 102.2 10.5
154.8 102.2 55.2 102.2 105 102.2 10.7
154.8 102.2 55.2 102.2 105 102.2 10.9
154.8 102.2 55.2 102.2 105 102.2 11.1
154.8 102.2 55.2 102.2 105 102.2 11.3
154.8 102.2 55.2 102.2 105 102.2 11.5
154.8 102.2 55.2 102.2 105 102.2 11.7
154.8 102.2 55.2 102.2 105 102.2 11.9
154.8 102.2 55.2 102.2 105 102.2 12.1
154.8 102.2 55.2 102.2 105 102.2 12.3
154.8 102.2 55.2 102.2 105 102.2 12.5
154.8 102.2 55.2 102.2 105 102.2 12.7
154.8 102.2 55.2 102.2 105 102.2 12.9
154.8 102.2 55.2 102.2 105 102.2 13.1
154.8 102.2 55.2 102.2 105 102.2 13.3
154.8 102.2 55.2 102.2 105 102.2 13.5
154.8 102.2 55.2 102.2 105 102.2 13.7
154.8 102.2 55.2 102.2 105 102.2 13.9
154.8 102.2 55.2 102.2 105 102.2 14.1
154.8 102.2 55.2 102.2 105 102.2 14.3
154.8 102.2 55.2 102.2 105 102.2 14.5
154.8 102.2 55.2 102.2 105 102.2 14.7
154.8 102.2 55.2 102.2 105 102.2 14.9
154.8 102.2 55.2 102.2 105 102.2 15.1
154.8 102.2 55.2 102.2 105 102.2 15.3
154.8 102.2 55.2 102.2 105 102.2 15.5
154.8 102.2 55.2 102.2 105 102.2 15.7
154.8 102.2 55.2 102.2 105 102.2 15.9
154.8 102.2 55.2 102.2 105 102.2 16.1
154.8 102.2 55.2 102.2 105 102.2 16.3
154.8 102.2 55.2 102.2 105 102.2 16.5
154.8 102.2 55.2 102.2 105 102.2 16.7
154.8 102.2 55.2 102.2 105 102.2 16.9
154.8 102.2 55.2 102.2 105 102.2 17.1
154.8 102.2 55.2 102.2 105 102.2 17.3
154.8 102.2 55.2 102.2 105 102.2 17.5
154.8 102.2 55.2 102.2 105 102.2 17.7
154.8 102.2 55.2 102.2 105 102.2 17.9
154.8 102.2 55.2 102.2 105 102.2 18.1
154.8 102.2 55.2 102.2 105 102.2 18.3
154.8 102.2 55.2 102.2 105 102.2 18.5
154.8 102.2 55.2 102.2 105 102.2 18.7
154.8 102.2 55.2 102.2 105 102.2 18.9
154.8 102.2 55.2 102.2 105 102.2 19.1
154.8 102.2 55.2 102.2 105 102.2 19.3
154.8 102.2 55.2 102.2 105 102.2 19.5
154.8 102.2 55.2 102.2 105 102.2 19.7
154.8 102.2 55.2 102.2 105 102.2 19.9
154.8 102.2 55.2 102.2 105 102.2 20.1
154.8 102.2 55.2 102.2 105 102.2 20.3
154.8 102.2 55.2 102.2 105 102.2 20.5
154.8 102.2 55.2 102.2 105 102.2 20.7
154.8 102.2 55.2 102.2 105 102.2 20.9
154.8 102.2 55.2 102.2 105 102.2 21.1
154.8 102.2 55.2 102.2 105 102.2 21.3
154.8 102.2 55.2 102.2 105 102.2 21.5
154.8 102.2 55.2 102.2 105 102.2 21.7
154.8 102.2 55.2 102.2 105 102.2 21.9
154.8 102.2 55.2 102.2 105 102.2 22.1
154.8 102.2 55.2 102.2 105 102.2 22.3
154.8 102.2 55.2 102.2 105 102.2 22.5
154.8 102.2 55.2 102.2 105 102.2 22.7
154.8 102.2 55.2 102.2 105 102.2 22.9
154.8 102.2 55.2 102.2 105 102.2 23.1
154.8 102.2 55.2 102.2 105 102.2 23.3
154.8 102.2 55.2 102.2 105 102.2 23.5
154.8 102.2 55.2 102.2 105 102.2 23.7
154.8 102.2 55.2 102.2 105 102.2 23.9
154.8 102.2 55.2 102.2 105 102.2 24.1
154.8 102.2 55.2 102.2 105 102.2 24.3
154.8 102.2 55.2 102.2 105 102.2 24.5
154.8 102.2 55.2 102.2 105 102.2 24.7
154.8 102.2 55.2 102.2 105 102.2 24.9
154.8 102.2 55.2 102.2 105 102.2 25.1
154.8 102.2 55.2 102.2 105 102.2 25.3
154.8 102.2 55.2 102.2 105 102.2 25.5
154.8 102.2 55.2 102.2 105 102.2 25.7
154.8 102.2 55.2 102.2 105 102.2 25.9
154.8 102.2 55.2 102.2 105 102.2 26.1
154.8 102.2 55.2 102.2 105 102.2 26.3
154.8 102.2 55.2 102.2 105 102.2 26.5
154.8 102.2 55.2 102.2 105 102.2 26.7
154.8 102.2 55.2 102.2 105 102.2 26.9
154.8 102.2 55.2 102.2 105 102.2 27.1
154.8 102.2 55.2 102.2 105 102.2 27.3
154.8 102.2 55.2 102.2 105 102.2 27.5
154.8 102.2 55.2 102.2 105 102.2 27.7
154.8 102.2 55.2 102.2 105 102.2 27.9
154.8 102.2 55.2 102.2 105 102.2 28.1
154.8 102.2 55.2 102.2 105 102.2 28.3
154.8 102.2 55.2 102.2 105 102.2 28.5
154.8 102.2 55.2 102.2 105 102.2 28.7
154.8 102.2 55.2 102.2 105 102.2 28.9
154.8 102.2 55.2 102.2 105 102.2 29.1
154.8 102.2 55.2 102.2 105 102.2 29.3
154.8 102.2 55.2 102.2 105 102.2 29.5
154.8 102.2 55.2 102.2 105 102.2 29.7
154.8 102.2 55.2 102.2 105 102.2 29.9
154.8 102.2 55.2 102.2 105 102.2 30.1
154.8 102.2 55.2 102.2 105 102.2 30.3
154.8 102.2 55.2 102.2 105 102.2 30.5
154.8 102.2 55.2 102.2 105 102.2 30.7
154.8 102.2 55.2 102.2 105 102.2 30.9
154.8 102.2 55.2 102.2 105 102.2 31.1
154.8 102.2 55.2 102.2 105 102.2 31.3
154.8 102.2 55.2 102.2 105 102.2 31.5
154.8 102.2 55.2 102.2 105 102.2 31.7
154.8 102.2 55.2 102.2 105 102.2 31.9
154.8 102.2 55.2 102.2 105 102.2 32.1
154.8 102.2 55.2 102.2 105 102.2 32.3
154.8 102.2 55.2 102.2 105 102.2 32.5
154.8 102.2 55.2 102.2 105 102.2 32.7
154.8 102.2 55.2 102.2 105 102.2 32.9
154.8 102.2 55.2 102.2 105 102.2 33.1
154.8 102.2 55.2 102.2 105 102.2 33.3
154.8 102.2 55.2 102.2 105 102.2 33.5
154.8 102.2 55.2 102.2 105 102.2 33.7
154.8 102.2 55.2 102.2 105 102.2 33.9
154.8 102.2 55.2 102.2 105 102.2 34.1
154.8 102.2 55.2 102.2 105 102.2 34.3
154.8 102.2 55.2 102.2 105 102.2 34.5
154.8 102.2 55.2 102.2 105 102.2 34.7
154.8 102.2 55.2 102.2 105 102.2 34.9
154.8 102.2 55.2 102.2 105 102.2 35.1
154.8 102.2 55.2 102.2 105 102.2 35.3
154.8 102.2 55.2 102.2 105 102.2 35.5
154.8 102.2 55.2 102.2 105 102.2 35.7
154.8 102.2 55.2 102.2 105 102.2 35.9
154.8 102.2 55.2 102.2 105 102.2 36.1
154.8 102.2 55.2 102.2 105 102.2 36.3
154.8 102.2 55.2 102.2 105 102.2 36.5
154.8 102.2 55.2 102.2 105 102.2 36.7
154.8 102.2 55.2 102.2 105 102.2 36.9
154.8 102.2 55.2 102.2 105 102.2 37.1
154.8 102.2 55.2 102.2 105 102.2 37.3
154.8 102.2 55.2 102.2 105 102.2 37.5
154.8 102.2 55.2 102.2 105 102.2 37.7
154.8 102.2 55.2 102.2 105 102.2 37.9
154.8 102.2 55.2 102.2 105 102.2 38.1
154.8 102.2 55.2 102.2 105 102.2 38.3
154.8 102.2 55.2 102.2 105 102.2 38.5
154.8 102.2 55.2 102.2 105 102.2 38.7
154.8 102.2 55.2 102.2 105 102.2 38.9
154.8 102.2 55.2 102.2 105 102.2 39.1
154.8 102.2 55.2 102.2 105 102.2 39.3
154.8 102.2 55.2 102.2 105 102.2 39.5
154.8 102.2 55.2 102.2 105 102.2 39.7
154.8 102.2 55.2 102.2 105 102.2 39.9
154.8 102.2 55.2 102.2 105 102.2 40.1
154.8 102.2 55.2 102.2 105 102.2 40.3
154.8 102.2 55.2 102.2 105 102.2 40.5
154.8 102.2 55.2 102.2 105 102.2 40.7
154.8 102.2 55.2 102.2 105 102.2 40.9
154.8 102.2 55.2 102.2 105 102.2 41.1
154.8 102.2 55.2 102.2 105 102.2 41.3
154.8 102.2 55.2 102.2 105 102.2 41.5
154.8 102.2 55.2 102.2 105 102.2 41.7
154.8 102.2 55.2 102.2 105 102.2 41.9
154.8 102.2 55.2 102.2 105 102.2 42.1
154.8 102.2 55.2 102.2 105 102.2 42.3
154.8 102.2 55.2 102.2 105 102.2 42.5
154.8 102.2 55.2 102.2 105 102.2 42.7
154.8 102.2 55.2 102.2 105 102.2 42.9
154.8 102.2 55.2 102.2 105 102.2 43.1
154.8 102.2 55.2 102.2 105 102.2 43.3
154.8 102.2 55.2 102.2 105 102.2 43.5
154.8 102.2 55.2 102.2 105 102.2 43.7
154.8 102.2 55.2 102.2 105 102.2 43.9
154.8 102.2 55.2 102.2 105 102.2 44.1
154.8 102.2 55.2 102.2 105 102.2 44.3
154.8 102.2 55.2 102.2 105 102.2 44.5
154.8 102.2 55.2 102.2 105 102.2 44.7
154.8 102.2 55.2 102.2 105 102.2 44.9
154.8 102.2 55.2 102.2 105 102.2 45.1
154.8 102.2 55.2 102.2 105 102.2 45.3
154.8 102.2 55.2 102.2 105 102.2 45.5
154.8 102.2 55.2 102.2 105 102.2 45.7
154.8 102.2 55.2 102.2 105 102.2 45.9
154.8 102.2 55.2 102.2 105 102.2 46.1
154.8 102.2 55.2 102.2 105 102.2 46.3
154.8 102.2 55.2 102.2 105 102.2 46.5
154.8 102.2 55.2 102.2 105 102.2 46.7
154.8 102.2 55.2 102.2 105 102.2 46.9
154.8 102.2 55.2 102.2 105 102.2 47.1
154.8 102.2 55.2 102.2 105 102.2 47.3
154.8 102.2 55.2 102.2 105 102.2 47.5
154.8 102.2 55.2 102.2 105 102.2 47.7
154.8 102.2 55.2 102.2 105 102.2 47.9
154.8 102.2 55.2 102.2 105 102.2 48.1
154.8 102.2 55.2 102.2 105 102.2 48.3
154.8 102.2 55.2 102.2 105 102.2 48.5
154.8 102.2 55.2 102.2 105 102.2 48.7
154.8 102.2 55.2 102.2 105 102.2 48.9
154.8 102.2 55.2 102.2 105 102.2 49.1
154.8 102.2 55.2 102.2 105 102.2 49.3
154.8 102.2 55.2 102.2 105 102.2 49.5
154.8 102.2 55.2 102.2 105 102.2 49.7
154.8 102.2 55.2 102.2 105 102.2 49.9
154.8 102.2 55.2 102.2 105 102.2 50.1
154.8 102.2 55.2 102.2 105 102.2 50.3
154.8 102.2 55.2 102.2 105 102.2 50.5
154.8 102.2 55.2 102.2 105 102.2 50.7
154.8 102.2 55.2 102.2 105 102.2 50.9
154.8 102.2 55.2 102.2 105 102.2 51.1
154.8 102.2 55.2 102.2 105 102.2 51.3
154.8 102.2 55.2 102.2 105 102.2 51.5
154.8 102.2 55.2 102.2 105 102.2 51.7
154.8 102.2 55.2 102.2 105 102.2 51.9
154.8 102.2 55.2 102.2 105 102.2 52.1
154.8 102.2 55.2 102.2 105 102.2 52.3
154.8 102.2 55.2 102.2 105 102.2 52.5
154.8 102.2 55.2 102.2 105 102.2 52.7
154.8 102.2 55.2 102.2 105 102.2 52.9
154.8 102.2 55.2 102.2 105 102.2 53.1
154.8 102.2 55.2 102.2 105 102.2 53.3
154.8 102.2 55.2 102.2 105 102.2 53.5
154.8 102.2 55.2 102.2 105 102.2 53.7
154.8 102.2 55.2 102.2 105 102.2 53.9
154.8 102.2 55.2 102.2 105 102.2 54.1
154.8 102.2 55.2 102.2 105 102.2 54.3
154.8 102.2 55.2 102.2 105 102.2 54.5
154.8 102.2 55.2 102.2 105 102.2 54.7
154.8 102.2 55.2 102.2 105 102.2 54.9
154.8 102.2 55.2 102.2 105 102.2 55.1
154.8 102.2 55.2 102.2 105 102.2 55.3
154.8 102.2 55.2 102.2 105 102.2 55.5
154.8 102.2 55.2 102.2 105 102.2 55.7
154.8 102.2 55.2 102.2 105 102.2 55.9
154.8 102.2 55.2 102.2 105 102.2 56.1
154.8 102.2 55.2 102.2 105 102.2 56.3
154.8 102.2 55.2 102.2 105 102.2 56.5
154.8 102.2 55.2 102.2 105 102.2 56.7
154.8 102.2 55.2 102.2 105 102.2 56.9
154.8 102.2 55.2 102.2 105 102.2 57.1
154.8 102.2 55.2 102.2 105 102.2 57.3
154.8 102.2 55.2 102.2 105 102.2 57.5
154.8 102.2 55.2 102.2 105 102.2 57.7
154.8 102.2 55.2 102.2 105 102.2 57.9
154.8 102.2 55.2 102.2 105 102.2 58.1
154.8 102.2 55.2 102.2 105 102.2 58.3
154.8 102.2 55.2 102.2 105 102.2 58.5
154.8 102.2 55.2 102.2 105 102.2 58.7
154.8 102.2 55.2 102.2 105 102.2 58.9
154.8 102.2 55.2 102.2 105 102.2 59.1
154.8 102.2 55.2 102.2 105 102.2 59.3
154.8 102.2 55.2 102.2 105 102.2 59.5
154.8 102.2 55.2 102.2 105 102.2 59.7
154.8 102.2 55.2 102.2 105 102.2 59.9
154.8 102.2 55.2 102.2 105 102.2 60.1
154.8 102.2 55.2 102.2 105 102.2 60.3
154.8 102.2 55.2 102.2 105 102.2 60.5
154.8 102.2 55.2 102.2 105 102.2 60.7
154.8 102.2 55.2 102.2 105 102.2 60.9
154.8 102.2 55.2 102.2 105 102.2 61.1
154.8 102.2 55.2 102.2 105 102.2 61.3
154.8 102.2 55.2 102.2 105 102.2 61.5
154.8 102.2 55.2 102.2 105 102.2 61.7
154.8 102.2 55.2 102.2 105 102.2 61.9
154.8 102.2 55.2 102.2 105 102.2 62.1
154.8 102.2 55.2 102.2 105 102.2 62.3
154.8 102.2 55.2 102.2 105 102.2 62.5
154.8 102.2 55.2 102.2 105 102.2 62.7
154.8 102.2 55.2 102.2 105 102.2 62.9
154.8 102.2 55.2 102.2 105 102.2 63.1
154.8 102.2 55.2 102.2 105 102.2 63.3
154.8 102.2 55.2 102.2 105 102.2 63.5
154.8 102.2 55.2 102.2 105 102.2 63.7
154.8 102.2 55.2 102.2 105 102.2 63.9
154.8 102.2 55.2 102.2 105 102.2 64.1
154.8 102.2 55.2 102.2 105 102.2 64.3
154.8 102.2 55.2 102.2 105 102.2 64.5
154.8 102.2 55.2 102.2 105 102.2 64.7
154.8 102.2 55.2 102.2 105 102.2 64.9
154.8 102.2 55.2 102.2 105 102.2 65.1
154.8 102.2 55.2 102.2 105 102.2 65.3
154.8 102.2 55.2 102.2 105 102.2 65.5
154.8 102.2 55.2 102.2 105 102.2 65.7
154.8 102.2 55.2 102.2 105 102.2 65.9
154.8 102.2 55.2 102.2 105 102.2 66.1
154.8 102.2 55.2 102.2 105 102.2 66.3
154.8 102.2 55.2 102.2 105 102.2 66.5
154.8 102.2 55.2 102.2 105 102.2 66.7
154.8 102.2 55.2 102.2 105 102.2 66.9
154.8 102.2 55.2 102.2 105 102.2 67.1
154.8 102.2 55.2 102.2 105 102.2 67.3
154.8 102.2 55.2 102.2 105 102.2 67.5
154.8 102.2 55.2 102.2 105 102.2 67.7
154.8 102.2 55.2 102.2 105 102.2 67.9
154.8 102.2 55.2 102.2 105 102.2 68.1
154.8 102.2 55.2 102.2 105 102.2 68.3
154.8 102.2 55.2 102.2 105 102.2 68.5
154.8 102.2 55.2 102.2 105 102.2 68.7
154.8 102.2 55.2 102.2 105 102.2 68.9
154.8 102.2 55.2 102.2 105 102.2 69.1
154.8 102.2 55.2 102.2 105 102.2 69.3
154.8 102.2 55.2 102.2 105 102.2 69.5
154.8 102.2 55.2 102.2 105 102.2 69.7
154.8 102.2 55.2 102.2 105 102.2 69.9
154.8 102.2 55.2 102.2 105 102.2 70.1
154.8 102.2 55.2 102.2 105 102.2 70.3
154.8 102.2 55.2 102.2 105 102.2 70.5
154.8 102.2 55.2 102.2 105 102.2 70.7
154.8 102.2 55.2 102.2 105 102.2 70.9
154.8 102.2 55.2 102.2 105 102.2 71.1
154.8 102.2 55.2 102.2 105 102.2 71.3
154.8 102.2 55.2 102.2 105 102.2 71.5
154.8 102.2 55.2 102.2 105 102.2 71.7
154.8 102.2 55.2 102.2 105 102.2 71.9
154.8 102.2 55.2 102.2 105 102.2 72.1
154.8 102.2 55.2 102.2 105 102.2 72.3
154.8 102.2 55.2 102.2 105 102.2 72.5
154.8 102.2 55.2 102.2 105 102.2 72.7
154.8 102.2 55.2 102.2 105 102.2 72.9
154.8 102.2 55.2 102.2 105 102.2 73.1
154.8 102.2 55.2 102.2 105 102.2 73.3
154.8 102.2 55.2 102.2 105 102.2 73.5
154.8 102.2 55.2 102.2 105 102.2 73.7
154.8 102.2 55.2 102.2 105 102.2 73.9
154.8 102.2 55.2 102.2 105 102.2 74.1
154.8 102.2 55.2 102.2 105 102.2 74.3
154.8 102.2 55.2 102.2 105 102.2 74.5
154.8 102.2 55.2 102.2 105 102.2 74.7
154.8 102.2 55.2 102.2 105 102.2 74.9
154.8 102.2 55.2 102.2 105 102.2 75.1
154.8 102.2 55.2 102.2 105 102.2 75.3
154.8 102.2 55.2 102.2 105 102.2 75.5
154.8 102.2 55.2 102.2 105 102.2 75.7
154.8 102.2 55.2 102.2 105 102.2 75.9
154.8 102.2 55.2 102.2 105 102.2 76.1
154.8 102.2 55.2 102.2 105 102.2 76.3
154.8 102.2 55.2 102.2 105 102.2 76.5
154.8 102.2 55.2 102.2 105 102.2 76.7
154.8 102.2 55.2 102.2 105 102.2 76.9
154.8 102.2 55.2 102.2 105 102.2 77.1
154.8 102.2 55.2 102.2 105 102.2 77.3
154.8 102.2 55.2 102.2 105 102.2 77.5
154.8 102.2 55.2 102.2 105 102.2 77.7
154.8 102.2 55.2 102.2 105 102.2 77.9
154.8 102.2 55.2 102.2 105 102.2 78.1
154.8 102.2 55.2 102.2 105 102.2 78.3
154.8 102.2 55.2 102.2 105 102.2 78.5
154.8 102.2 55.2 102.2 105 102.2 78.7
154.8 102.2 55.2 102.2 105 102.2 78.9
154.8 102.2 55.2 102.2 105 102.2 79.1
154.8 102.2 55.2 102.2 105 102.2 79.3
154.8 102.2 55.2 102.2 105 102.2 79.5
154.8 102.2 55.2 102.2 105 102.2 79.7
154.8 102.2 55.2 102.2 105 102.2 79.9
154.8 102.2 55.2 102.2 105 102.2 80.1
154.8 102.2 55.2 102.2 105 102.2 80.3
154.8 102.2 55.2 102.2 105 102.2 80.5
154.8 102.2 55.2 102.2 105 102.2 80.7
154.8 102.2 55.2 102.2 105 102.2 80.9
154.8 102.2 55.2 102.2 105 102.2 81.1
154.8 102.2 55.2 102.2 105 102.2 81.3
154.8 102.2 55.2 102.2 105 102.2 81.5
154.8 102.2 55.2 102.2 105 102.2 81.7
154.8 102.2 55.2 102.2 105 102.2 81.9
154.8 102.2 55.2 102.2 105 102.2 82.1
154.8 102.2 55.2 102.2 105 102.2 82.3
154.8 102.2 55.2 102.2 105 102.2 82.5
154.8 102.2 55.2 102.2 105 102.2 82.7
154.8 102.2 55.2 102.2 105 102.2 82.9
154.8 102.2 55.2 102.2 105 102.2 83.1
154.8 102.2 55.2 102.2 105 102.2 83.3
154.8 102.2 55.2 102.2 105 102.2 83.5
154.8 102.2 55.2 102.2 105 102.2 83.7
154.8 102.2 55.2 102.2 105 102.2 83.9
154.8 102.2 55.2 102.2 105 102.2 84.1
154.8 102.2 55.2 102.2 105 102.2 84.3
154.8 102.2 55.2 102.2 105 102.2 84.5
154.8 102.2 55.2 102.2 105 102.2 84.7
154.8 102.2 55.2 102.2 105 102.2 84.9
154.8 102.2 55.2 102.2 105 102.2 85.1
154.8 102.2 55.2 102.2 105 102.2 85.3
154.8 102.2 55.2 102.2 105 102.2 85.5
154.8 102.2 55.2 102.2 105 102.2 85.7
154.8 102.2 55.2 102.2 105 102.2 85.9
154.8 102.2 55.2 102.2 105 102.2 86.1
154.8 102.2 55.2 102.2 105 102.2 86.3
154.8 102.2 55.2 102.2 105 102.2 86.5
154.8 102.2 55.2 102.2 105 102.2 86.7
154.8 102.2 55.2 102.2 105 102.2 86.9
154.8 102.2 55.2 102.2 105 102.2 87.1
154.8 102.2 55.2 102.2 105 102.2 87.3
154.8 102.2 55.2 102.2 105 102.2 87.5
154.8 102.2 55.2 102.2 105 102.2 87.7
154.8 102.2 55.2 102.2 105 102.2 87.9
154.8 102.2 55.2 102.2 105 102.2 88.1
154.8 102.2 55.2 102.2 105 102.2 88.3
154.8 102.2 55.2 102.2 105 102.2 88.5
154.8 102.2 55.2 102.2 105 102.2 88.7
154.8 102.2 55.2 102.2 105 102.2 88.9
154.8 102.2 55.2 102.2 105 102.2 89.1
154.8 102.2 55.2 102.2 105 102.2 89.3
154.8 102.2 55.2 102.2 105 102.2 89.5
154.8 102.2 55.2 102.2 105 102.2 89.7
154.8 102.2 55.2 102.2 105 102.2 89.9
154.8 102.2 55.2 102.2 105 102.2 90.1
154.8 102.2 55.2 102.2 105 102.2 90.3
154.8 102.2 55.2 102.2 105 102.2 90.5
154.8 102.2 55.2 102.2 105 102.2 90.7
154.8 102.2 55.2 102.2 105 102.2 90.9
154.8 102.2 55.2 102.2 105 102.2 91.1
154.8 102.2 55.2 102.2 105 102.2 91.3
154.8 102.2 55.2 102.2 105 102.2 91.5
154.8 102.2 55.2 102.2 105 102.2 91.7
154.8 102.2 55.2 102.2 105 102.2 91.9
154.8 102.2 55.2 102.2 105 102.2 92.1
154.8 102.2 55.2 102.2 105 102.2 92.3
154.8 102.2 55.2 102.2 105 102.2 92.5
154.8 102.2 55.2 102.2 105 102.2 92.7
154.8 102.2 55.2 102.2 105 102.2 92.9
154.8 102.2 55.2 102.2 105 102.2 93.1
154.8 102.2 55.2 102.2 105 102.2 93.3
154.8 102.2 55.2 102.2 105 102.2 93.5
154.8 102.2 55.2 102.2 105 102.2 93.7
154.8 102.2 55.2 102.2 105 102.2 93.9
154.8 102.2 55.2 102.2 105 102.2 94.1
154.8 102.2 55.2 102.2 105 102.2 94.3
154.8 102.2 55.2 102.2 105 102.2 94.5
154.8 102.2 55.2 102.2 105 102.2 94.7
154.8 102.2 55.2 102.2 105 102.2 94.9
154.8 102.2 55.2 102.2 105 102.2 95.1
154.8 102.2 55.2 102.2 105 102.2 95.3
154.8 102.2 55.2 102.2 105 102.2 95.5
154.8 102.2 55.2 102.2 105 102.2 95.7
154.8 102.2 55.2 102.2 105 102.2 95.9
154.8 102.2 55.2 102.2 105 102.2 96.1
154.8 102.2 55.2 102.2 105 102.2 96.3
154.8 102.2 55.2 102.2 105 102.2 96.5
154.8 102.2 55.2 102.2 105 102.2 96.7
154.8 102.2 55.2 102.2 105 102.2 96.9
154.8 102.2 55.2 102.2 105 102.2 97.1
154.8 102.2 55.2 102.2 105 102.2 97.3
154.8 102.2 55.2 102.2 105 102.2 97.5
154.8 102.2 55.2 102.2 105 102.2 97.7
154.8 102.2 55.2 102.2 105 102.2 97.9
154.8 102.2 55.2 102.2 105 102.2 98.1
154.8 102.2 55.2 102.2 105 102.2 98.3
154.8 102.2 55.2 102.2 105 102.2 98.5
154.8 102.2 55.2 102.2 105 102.2 98.7
154.8 102.2 55.2 102.2 105 102.2 98.9
154.8 102.2 55.2 102.2 105 102.2 99.1
154.8 102.2 55.2 102.2 105 102.2 99.3
154.8 102.2 55.2 102.2 105 102.2 99.5
154.8 102.2 55.2 102.2 105 102.2 99.7
154.8 102.2 55.2 102.2 105 102.2 99.9
154.8 102.2 55.2 102.2 105 102.2 100.1
