105 0 1.1889999999999998
105 0 2.3829199999999995
103.7624 0 2.3829199999999995
106.2376 0 2.3829199999999995
105 0 3.5768399999999994
103.7624 0 3.5768399999999994
102.5248 0 3.5768399999999994
106.2376 0 3.5768399999999994
105 0 4.770759999999999
103.7624 0 4.770759999999999
102.5282 0 4.770759999999999
101.2957 0 4.770759999999999
106.2376 0 4.770759999999999
105 0 5.9646799999999995
103.7624 0 5.9646799999999995
102.5248 0 5.9646799999999995
106.2376 0 5.9646799999999995
105 0 7.1586
103.7624 0 7.1586
102.5248 0 7.1586
101.2872 0 7.1586
106.2376 0 7.1586
107.4752 0 7.1586
108.7128 0 7.1586
105 0 8.35252
103.7624 0 8.35252
102.5231 0 8.35252
101.2838 0 8.35252
100.0445 0 8.35252
106.2376 0 8.35252
107.4769 0 8.35252
108.7145 0 8.35252
105 0 9.54808
103.7607 0 9.54808
102.5214 0 9.54808
101.2821 0 9.54808
100.0428 0 9.54808
98.8035 0 9.54808
106.2393 0 9.54808
107.4786 0 9.54808
108.7179 0 9.54808
105 0 10.743640000000001
103.7607 0 10.743640000000001
102.5214 0 10.743640000000001
101.2821 0 10.743640000000001
100.0428 0 10.743640000000001
98.8035 0 10.743640000000001
97.5642 0 10.743640000000001
96.3215 0 10.743640000000001
106.2393 0 10.743640000000001
107.4786 0 10.743640000000001
108.7179 0 10.743640000000001
105 0 11.939200000000001
103.7607 0 11.939200000000001
102.5214 0 11.939200000000001
101.2821 0 11.939200000000001
100.0428 0 11.939200000000001
98.8035 0 11.939200000000001
97.5608 0 11.939200000000001
96.3181 0 11.939200000000001
106.2393 0 11.939200000000001
107.4786 0 11.939200000000001
105 0 13.134760000000002
103.7607 0 13.134760000000002
102.518 0 13.134760000000002
101.2753 0 13.134760000000002
100.0326 0 13.134760000000002
98.7899 0 13.134760000000002
97.5472 0 13.134760000000002
96.3045 0 13.134760000000002
106.2393 0 13.134760000000002
107.482 0 13.134760000000002
108.7247 0 13.134760000000002
105 0 14.330320000000002
103.7607 0 14.330320000000002
102.518 0 14.330320000000002
101.2753 0 14.330320000000002
100.0326 0 14.330320000000002
98.7899 0 14.330320000000002
97.5472 0 14.330320000000002
96.3045 0 14.330320000000002
95.0601 0 14.330320000000002
106.2393 0 14.330320000000002
107.482 0 14.330320000000002
108.7247 0 14.330320000000002
105 0 15.525880000000003
103.7607 0 15.525880000000003
102.518 0 15.525880000000003
101.2753 0 15.525880000000003
100.0326 0 15.525880000000003
98.7899 0 15.525880000000003
97.5472 0 15.525880000000003
96.3045 0 15.525880000000003
95.0601 0 15.525880000000003
106.2393 0 15.525880000000003
107.482 0 15.525880000000003
108.7247 0 15.525880000000003
105 0 16.72144
103.7607 0 16.72144
102.5214 0 16.72144
101.2821 0 16.72144
100.0428 0 16.72144
98.8035 0 16.72144
97.5642 0 16.72144
96.3215 0 16.72144
95.0788 0 16.72144
106.2393 0 16.72144
107.482 0 16.72144
108.7247 0 16.72144
105 0 17.917
103.7607 0 17.917
102.5214 0 17.917
101.2821 0 17.917
100.0428 0 17.917
98.8035 0 17.917
97.5642 0 17.917
96.3249 0 17.917
95.0822 0 17.917
106.2393 0 17.917
107.482 0 17.917
108.7264 0 17.917
105 0 19.112560000000002
103.7607 0 19.112560000000002
102.5214 0 19.112560000000002
101.2821 0 19.112560000000002
100.0428 0 19.112560000000002
98.8035 0 19.112560000000002
97.5642 0 19.112560000000002
96.3249 0 19.112560000000002
95.0856 0 19.112560000000002
93.8429 0 19.112560000000002
92.5985 0 19.112560000000002
106.2393 0 19.112560000000002
107.4786 0 19.112560000000002
108.7213 0 19.112560000000002
109.9725 0 19.112560000000002
105 0 20.30648
103.7624 0 20.30648
102.5231 0 20.30648
101.2855 0 20.30648
100.0479 0 20.30648
98.8086 0 20.30648
97.5693 0 20.30648
96.33 0 20.30648
95.0907 0 20.30648
93.848 0 20.30648
92.6053 0 20.30648
106.2376 0 20.30648
107.4752 0 20.30648
108.7145 0 20.30648
109.9572 0 20.30648
105 0 21.5004
103.7624 0 21.5004
102.5231 0 21.5004
101.2855 0 21.5004
100.0479 0 21.5004
98.8086 0 21.5004
97.571 0 21.5004
96.3334 0 21.5004
95.0958 0 21.5004
93.8565 0 21.5004
92.6172 0 21.5004
91.3745 0 21.5004
106.2376 0 21.5004
107.4769 0 21.5004
108.7162 0 21.5004
109.9589 0 21.5004
105 0 22.694319999999998
103.7624 0 22.694319999999998
102.5248 0 22.694319999999998
101.2872 0 22.694319999999998
100.0496 0 22.694319999999998
98.8103 0 22.694319999999998
97.5727 0 22.694319999999998
96.3351 0 22.694319999999998
95.0975 0 22.694319999999998
93.8582 0 22.694319999999998
92.6189 0 22.694319999999998
91.3762 0 22.694319999999998
106.2376 0 22.694319999999998
107.4769 0 22.694319999999998
108.7162 0 22.694319999999998
105 0 23.888239999999996
103.7624 0 23.888239999999996
102.5231 0 23.888239999999996
101.2838 0 23.888239999999996
100.0445 0 23.888239999999996
98.8052 0 23.888239999999996
97.5659 0 23.888239999999996
96.3283 0 23.888239999999996
95.0907 0 23.888239999999996
93.8514 0 23.888239999999996
92.6121 0 23.888239999999996
91.3694 0 23.888239999999996
106.2376 0 23.888239999999996
107.4769 0 23.888239999999996
108.7162 0 23.888239999999996
109.9555 0 23.888239999999996
105 0 25.082159999999995
103.7624 0 25.082159999999995
102.5231 0 25.082159999999995
101.2855 0 25.082159999999995
100.0462 0 25.082159999999995
98.8069 0 25.082159999999995
97.5676 0 25.082159999999995
96.33 0 25.082159999999995
95.0924 0 25.082159999999995
93.8531 0 25.082159999999995
92.6138 0 25.082159999999995
91.3745 0 25.082159999999995
90.1318 0 25.082159999999995
106.2376 0 25.082159999999995
107.4752 0 25.082159999999995
108.7145 0 25.082159999999995
109.9538 0 25.082159999999995
105 0 26.276079999999993
103.7624 0 26.276079999999993
102.5231 0 26.276079999999993
101.2855 0 26.276079999999993
100.0462 0 26.276079999999993
98.8069 0 26.276079999999993
97.5676 0 26.276079999999993
96.3283 0 26.276079999999993
95.089 0 26.276079999999993
93.8497 0 26.276079999999993
92.6104 0 26.276079999999993
91.3711 0 26.276079999999993
90.1284 0 26.276079999999993
106.2376 0 26.276079999999993
107.4752 0 26.276079999999993
108.7145 0 26.276079999999993
109.9521 0 26.276079999999993
111.1897 0 26.276079999999993
105 0 27.46999999999999
103.7624 0 27.46999999999999
102.5231 0 27.46999999999999
101.2855 0 27.46999999999999
100.0462 0 27.46999999999999
98.8069 0 27.46999999999999
97.5676 0 27.46999999999999
96.3283 0 27.46999999999999
95.089 0 27.46999999999999
93.8497 0 27.46999999999999
92.6104 0 27.46999999999999
91.3711 0 27.46999999999999
90.1284 0 27.46999999999999
88.8857 0 27.46999999999999
106.2376 0 27.46999999999999
107.4752 0 27.46999999999999
108.7128 0 27.46999999999999
109.9504 0 27.46999999999999
105 0 28.66391999999999
103.7624 0 28.66391999999999
102.5231 0 28.66391999999999
101.2855 0 28.66391999999999
100.0462 0 28.66391999999999
98.8069 0 28.66391999999999
97.5676 0 28.66391999999999
96.3283 0 28.66391999999999
95.0907 0 28.66391999999999
93.8531 0 28.66391999999999
92.6155 0 28.66391999999999
91.3762 0 28.66391999999999
90.1369 0 28.66391999999999
88.8942 0 28.66391999999999
87.6515 0 28.66391999999999
106.2376 0 28.66391999999999
107.4752 0 28.66391999999999
108.7128 0 28.66391999999999
109.9504 0 28.66391999999999
105 0 29.85783999999999
103.7624 0 29.85783999999999
102.5248 0 29.85783999999999
101.2872 0 29.85783999999999
100.0496 0 29.85783999999999
98.8103 0 29.85783999999999
97.571 0 29.85783999999999
96.3334 0 29.85783999999999
95.0958 0 29.85783999999999
93.8582 0 29.85783999999999
92.6206 0 29.85783999999999
91.3813 0 29.85783999999999
90.142 0 29.85783999999999
88.9027 0 29.85783999999999
87.6634 0 29.85783999999999
86.4241 0 29.85783999999999
106.2376 0 29.85783999999999
107.4752 0 29.85783999999999
108.7128 0 29.85783999999999
109.9504 0 29.85783999999999
105 0 31.051759999999987
103.7624 0 31.051759999999987
102.5231 0 31.051759999999987
101.2855 0 31.051759999999987
100.0462 0 31.051759999999987
98.8086 0 31.051759999999987
97.571 0 31.051759999999987
96.3334 0 31.051759999999987
95.0958 0 31.051759999999987
93.8582 0 31.051759999999987
92.6206 0 31.051759999999987
91.383 0 31.051759999999987
90.1454 0 31.051759999999987
88.9061 0 31.051759999999987
87.6668 0 31.051759999999987
86.4275 0 31.051759999999987
85.1882 0 31.051759999999987
106.2376 0 31.051759999999987
107.4752 0 31.051759999999987
108.7128 0 31.051759999999987
109.947 0 31.051759999999987
105 0 32.245679999999986
103.7624 0 32.245679999999986
102.5248 0 32.245679999999986
101.2872 0 32.245679999999986
100.0496 0 32.245679999999986
98.812 0 32.245679999999986
97.5744 0 32.245679999999986
96.3368 0 32.245679999999986
95.1026 0 32.245679999999986
93.865 0 32.245679999999986
92.6308 0 32.245679999999986
91.3932 0 32.245679999999986
90.15559999999999 0 32.245679999999986
88.9163 0 32.245679999999986
87.67699999999999 0 32.245679999999986
86.4377 0 32.245679999999986
85.19839999999999 0 32.245679999999986
83.9591 0 32.245679999999986
106.2376 0 32.245679999999986
107.4752 0 32.245679999999986
108.7128 0 32.245679999999986
109.947 0 32.245679999999986
111.1863 0 32.245679999999986
105 0 33.439599999999984
103.7624 0 33.439599999999984
102.5248 0 33.439599999999984
101.2872 0 33.439599999999984
100.0496 0 33.439599999999984
98.812 0 33.439599999999984
97.5744 0 33.439599999999984
96.3368 0 33.439599999999984
95.1026 0 33.439599999999984
93.865 0 33.439599999999984
92.6274 0 33.439599999999984
91.3898 0 33.439599999999984
90.1522 0 33.439599999999984
88.9129 0 33.439599999999984
87.6736 0 33.439599999999984
86.4343 0 33.439599999999984
85.195 0 33.439599999999984
83.9557 0 33.439599999999984
82.713 0 33.439599999999984
106.2376 0 33.439599999999984
107.4752 0 33.439599999999984
108.7128 0 33.439599999999984
109.947 0 33.439599999999984
111.1863 0 33.439599999999984
105 0 34.63351999999998
103.7624 0 34.63351999999998
102.5248 0 34.63351999999998
101.2872 0 34.63351999999998
100.0496 0 34.63351999999998
98.8154 0 34.63351999999998
97.5812 0 34.63351999999998
96.3436 0 34.63351999999998
95.1094 0 34.63351999999998
93.87180000000001 0 34.63351999999998
92.63419999999999 0 34.63351999999998
91.3966 0 34.63351999999998
90.15899999999999 0 34.63351999999998
88.9214 0 34.63351999999998
87.68209999999999 0 34.63351999999998
86.4445 0 34.63351999999998
85.20519999999999 0 34.63351999999998
83.9659 0 34.63351999999998
82.72659999999999 0 34.63351999999998
81.4873 0 34.63351999999998
106.2376 0 34.63351999999998
107.4752 0 34.63351999999998
108.7128 0 34.63351999999998
109.947 0 34.63351999999998
111.1846 0 34.63351999999998
112.4188 0 34.63351999999998
113.65299999999999 0 34.63351999999998
114.8855 0 34.63351999999998
116.118 0 34.63351999999998
117.3522 0 34.63351999999998
118.5864 0 34.63351999999998
119.8206 0 34.63351999999998
121.0548 0 34.63351999999998
122.289 0 34.63351999999998
105 0 35.82743999999998
103.7624 0 35.82743999999998
102.5248 0 35.82743999999998
101.2872 0 35.82743999999998
100.0496 0 35.82743999999998
98.8154 0 35.82743999999998
97.5812 0 35.82743999999998
96.34700000000001 0 35.82743999999998
95.11280000000001 0 35.82743999999998
93.8752 0 35.82743999999998
92.6376 0 35.82743999999998
91.4 0 35.82743999999998
90.1624 0 35.82743999999998
88.9248 0 35.82743999999998
87.6855 0 35.82743999999998
86.4479 0 35.82743999999998
85.2086 0 35.82743999999998
83.9693 0 35.82743999999998
82.73 0 35.82743999999998
81.4907 0 35.82743999999998
106.2376 0 35.82743999999998
107.4752 0 35.82743999999998
108.7128 0 35.82743999999998
109.9504 0 35.82743999999998
111.188 0 35.82743999999998
112.4256 0 35.82743999999998
113.6598 0 35.82743999999998
114.894 0 35.82743999999998
116.12819999999999 0 35.82743999999998
117.36580000000001 0 35.82743999999998
118.6034 0 35.82743999999998
119.84100000000001 0 35.82743999999998
121.0786 0 35.82743999999998
122.31280000000001 0 35.82743999999998
123.547 0 35.82743999999998
124.78120000000001 0 35.82743999999998
126.0154 0 35.82743999999998
127.24960000000002 0 35.82743999999998
128.4838 0 35.82743999999998
129.71630000000002 0 35.82743999999998
105 0 37.02135999999998
103.7624 0 37.02135999999998
102.5248 0 37.02135999999998
101.2872 0 37.02135999999998
100.0496 0 37.02135999999998
98.8154 0 37.02135999999998
97.5829 0 37.02135999999998
96.34870000000001 0 37.02135999999998
95.1145 0 37.02135999999998
93.8769 0 37.02135999999998
92.6393 0 37.02135999999998
91.4017 0 37.02135999999998
90.1641 0 37.02135999999998
88.9265 0 37.02135999999998
87.6872 0 37.02135999999998
86.4496 0 37.02135999999998
85.2103 0 37.02135999999998
83.971 0 37.02135999999998
82.7317 0 37.02135999999998
81.4924 0 37.02135999999998
106.2376 0 37.02135999999998
107.4752 0 37.02135999999998
108.7128 0 37.02135999999998
109.9504 0 37.02135999999998
111.188 0 37.02135999999998
112.4256 0 37.02135999999998
113.6598 0 37.02135999999998
114.894 0 37.02135999999998
116.12819999999999 0 37.02135999999998
117.3624 0 37.02135999999998
118.5966 0 37.02135999999998
119.8308 0 37.02135999999998
121.065 0 37.02135999999998
122.2992 0 37.02135999999998
123.5334 0 37.02135999999998
124.7676 0 37.02135999999998
126.0018 0 37.02135999999998
127.236 0 37.02135999999998
128.4702 0 37.02135999999998
129.7027 0 37.02135999999998
105 0 38.21527999999998
103.7624 0 38.21527999999998
102.5248 0 38.21527999999998
101.2872 0 38.21527999999998
100.0496 0 38.21527999999998
98.8154 0 38.21527999999998
97.5812 0 38.21527999999998
96.3436 0 38.21527999999998
95.106 0 38.21527999999998
93.8684 0 38.21527999999998
92.6308 0 38.21527999999998
91.3932 0 38.21527999999998
90.15559999999999 0 38.21527999999998
88.918 0 38.21527999999998
87.67869999999999 0 38.21527999999998
86.4411 0 38.21527999999998
85.20179999999999 0 38.21527999999998
83.9625 0 38.21527999999998
82.72319999999999 0 38.21527999999998
81.4839 0 38.21527999999998
80.24459999999999 0 38.21527999999998
106.2376 0 38.21527999999998
107.4752 0 38.21527999999998
108.7128 0 38.21527999999998
109.9504 0 38.21527999999998
111.188 0 38.21527999999998
112.4256 0 38.21527999999998
113.6598 0 38.21527999999998
114.894 0 38.21527999999998
116.12819999999999 0 38.21527999999998
117.3624 0 38.21527999999998
118.5966 0 38.21527999999998
119.8308 0 38.21527999999998
121.065 0 38.21527999999998
122.2992 0 38.21527999999998
123.5334 0 38.21527999999998
124.7676 0 38.21527999999998
126.0018 0 38.21527999999998
127.2343 0 38.21527999999998
128.4685 0 38.21527999999998
129.70100000000002 0 38.21527999999998
130.9335 0 38.21527999999998
132.166 0 38.21527999999998
105 0 39.40919999999998
103.7624 0 39.40919999999998
102.5248 0 39.40919999999998
101.2872 0 39.40919999999998
100.0496 0 39.40919999999998
98.8154 0 39.40919999999998
97.5812 0 39.40919999999998
96.34700000000001 0 39.40919999999998
95.11280000000001 0 39.40919999999998
93.8752 0 39.40919999999998
92.6376 0 39.40919999999998
91.4 0 39.40919999999998
90.1624 0 39.40919999999998
88.9248 0 39.40919999999998
87.6855 0 39.40919999999998
86.4479 0 39.40919999999998
85.2086 0 39.40919999999998
83.9693 0 39.40919999999998
82.73 0 39.40919999999998
81.4907 0 39.40919999999998
80.2514 0 39.40919999999998
106.2376 0 39.40919999999998
107.4752 0 39.40919999999998
108.7128 0 39.40919999999998
109.9504 0 39.40919999999998
111.188 0 39.40919999999998
112.4222 0 39.40919999999998
113.6564 0 39.40919999999998
114.8906 0 39.40919999999998
116.1248 0 39.40919999999998
117.359 0 39.40919999999998
118.5932 0 39.40919999999998
119.8274 0 39.40919999999998
121.0616 0 39.40919999999998
122.2958 0 39.40919999999998
123.53 0 39.40919999999998
124.7642 0 39.40919999999998
125.9984 0 39.40919999999998
127.2309 0 39.40919999999998
128.4634 0 39.40919999999998
129.6959 0 39.40919999999998
130.9284 0 39.40919999999998
132.1575 0 39.40919999999998
133.39000000000001 0 39.40919999999998
105 0 40.603119999999976
103.7624 0 40.603119999999976
102.5248 0 40.603119999999976
101.2872 0 40.603119999999976
100.0496 0 40.603119999999976
98.8154 0 40.603119999999976
97.5812 0 40.603119999999976
96.3436 0 40.603119999999976
95.106 0 40.603119999999976
93.8684 0 40.603119999999976
92.6308 0 40.603119999999976
91.3932 0 40.603119999999976
90.15559999999999 0 40.603119999999976
88.9163 0 40.603119999999976
87.67869999999999 0 40.603119999999976
86.4411 0 40.603119999999976
85.20349999999999 0 40.603119999999976
83.9659 0 40.603119999999976
82.72829999999999 0 40.603119999999976
81.4907 0 40.603119999999976
80.25309999999999 0 40.603119999999976
106.2376 0 40.603119999999976
107.4752 0 40.603119999999976
108.7128 0 40.603119999999976
109.9504 0 40.603119999999976
111.188 0 40.603119999999976
112.4256 0 40.603119999999976
113.6598 0 40.603119999999976
114.894 0 40.603119999999976
116.12819999999999 0 40.603119999999976
117.36580000000001 0 40.603119999999976
118.6034 0 40.603119999999976
119.8376 0 40.603119999999976
121.0718 0 40.603119999999976
122.306 0 40.603119999999976
123.5402 0 40.603119999999976
124.7744 0 40.603119999999976
126.0086 0 40.603119999999976
127.2411 0 40.603119999999976
128.4736 0 40.603119999999976
129.7061 0 40.603119999999976
130.9352 0 40.603119999999976
132.1643 0 40.603119999999976
133.3934 0 40.603119999999976
134.6225 0 40.603119999999976
105 0 41.797039999999974
103.7624 0 41.797039999999974
102.5248 0 41.797039999999974
101.2872 0 41.797039999999974
100.0496 0 41.797039999999974
98.8154 0 41.797039999999974
97.5812 0 41.797039999999974
96.34700000000001 0 41.797039999999974
95.1094 0 41.797039999999974
93.8752 0 41.797039999999974
92.6376 0 41.797039999999974
91.4 0 41.797039999999974
90.1624 0 41.797039999999974
88.9248 0 41.797039999999974
87.6872 0 41.797039999999974
86.4496 0 41.797039999999974
85.212 0 41.797039999999974
83.9744 0 41.797039999999974
82.7368 0 41.797039999999974
81.4992 0 41.797039999999974
80.2616 0 41.797039999999974
79.024 0 41.797039999999974
106.2376 0 41.797039999999974
107.4752 0 41.797039999999974
108.7094 0 41.797039999999974
109.947 0 41.797039999999974
111.1846 0 41.797039999999974
112.4188 0 41.797039999999974
113.65299999999999 0 41.797039999999974
114.88719999999999 0 41.797039999999974
116.1214 0 41.797039999999974
117.359 0 41.797039999999974
118.5966 0 41.797039999999974
119.8308 0 41.797039999999974
121.065 0 41.797039999999974
122.2992 0 41.797039999999974
123.5334 0 41.797039999999974
124.7676 0 41.797039999999974
126.0018 0 41.797039999999974
127.2343 0 41.797039999999974
128.4668 0 41.797039999999974
129.6993 0 41.797039999999974
130.9284 0 41.797039999999974
132.1575 0 41.797039999999974
133.38660000000002 0 41.797039999999974
134.6157 0 41.797039999999974
105 0 42.99095999999997
103.7624 0 42.99095999999997
102.5248 0 42.99095999999997
101.2906 0 42.99095999999997
100.0564 0 42.99095999999997
98.8222 0 42.99095999999997
97.588 0 42.99095999999997
96.3538 0 42.99095999999997
95.1162 0 42.99095999999997
93.882 0 42.99095999999997
92.6444 0 42.99095999999997
91.4068 0 42.99095999999997
90.1692 0 42.99095999999997
88.9299 0 42.99095999999997
87.6923 0 42.99095999999997
86.4547 0 42.99095999999997
85.2171 0 42.99095999999997
83.9795 0 42.99095999999997
82.7419 0 42.99095999999997
81.5043 0 42.99095999999997
80.2667 0 42.99095999999997
79.0291 0 42.99095999999997
77.7915 0 42.99095999999997
76.5539 0 42.99095999999997
106.2376 0 42.99095999999997
107.4752 0 42.99095999999997
108.7094 0 42.99095999999997
109.9436 0 42.99095999999997
111.1778 0 42.99095999999997
112.412 0 42.99095999999997
113.6462 0 42.99095999999997
114.8804 0 42.99095999999997
116.1146 0 42.99095999999997
117.3522 0 42.99095999999997
118.5898 0 42.99095999999997
119.8274 0 42.99095999999997
121.0616 0 42.99095999999997
122.2958 0 42.99095999999997
123.5334 0 42.99095999999997
124.7676 0 42.99095999999997
126.0018 0 42.99095999999997
127.2343 0 42.99095999999997
128.4668 0 42.99095999999997
129.6993 0 42.99095999999997
130.9318 0 42.99095999999997
132.16430000000003 0 42.99095999999997
133.3934 0 42.99095999999997
134.6225 0 42.99095999999997
135.85160000000002 0 42.99095999999997
105 0 44.18487999999997
103.7624 0 44.18487999999997
102.5248 0 44.18487999999997
101.2906 0 44.18487999999997
100.0564 0 44.18487999999997
98.8222 0 44.18487999999997
97.588 0 44.18487999999997
96.3538 0 44.18487999999997
95.1162 0 44.18487999999997
93.882 0 44.18487999999997
92.6444 0 44.18487999999997
91.4068 0 44.18487999999997
90.1692 0 44.18487999999997
88.9299 0 44.18487999999997
87.6923 0 44.18487999999997
86.4547 0 44.18487999999997
85.2171 0 44.18487999999997
83.9795 0 44.18487999999997
82.7419 0 44.18487999999997
81.5077 0 44.18487999999997
80.2735 0 44.18487999999997
79.0393 0 44.18487999999997
77.8017 0 44.18487999999997
76.5675 0 44.18487999999997
106.2376 0 44.18487999999997
107.4718 0 44.18487999999997
108.706 0 44.18487999999997
109.9402 0 44.18487999999997
111.1744 0 44.18487999999997
112.4086 0 44.18487999999997
113.6428 0 44.18487999999997
114.877 0 44.18487999999997
116.1112 0 44.18487999999997
117.3488 0 44.18487999999997
118.5864 0 44.18487999999997
119.8206 0 44.18487999999997
121.0548 0 44.18487999999997
122.289 0 44.18487999999997
123.5232 0 44.18487999999997
124.7574 0 44.18487999999997
125.9916 0 44.18487999999997
127.2241 0 44.18487999999997
128.4583 0 44.18487999999997
129.69080000000002 0 44.18487999999997
130.9233 0 44.18487999999997
132.1558 0 44.18487999999997
133.38830000000002 0 44.18487999999997
134.62080000000003 0 44.18487999999997
135.84990000000002 0 44.18487999999997
105 0 45.37879999999997
103.7624 0 45.37879999999997
102.5282 0 45.37879999999997
101.294 0 45.37879999999997
100.0598 0 45.37879999999997
98.8256 0 45.37879999999997
97.5914 0 45.37879999999997
96.3572 0 45.37879999999997
95.123 0 45.37879999999997
93.8888 0 45.37879999999997
92.6512 0 45.37879999999997
91.4136 0 45.37879999999997
90.176 0 45.37879999999997
88.9384 0 45.37879999999997
87.7008 0 45.37879999999997
86.4632 0 45.37879999999997
85.2256 0 45.37879999999997
83.988 0 45.37879999999997
82.7504 0 45.37879999999997
81.5162 0 45.37879999999997
80.282 0 45.37879999999997
79.0478 0 45.37879999999997
77.8102 0 45.37879999999997
76.5726 0 45.37879999999997
75.3384 0 45.37879999999997
106.2376 0 45.37879999999997
107.4718 0 45.37879999999997
108.706 0 45.37879999999997
109.9402 0 45.37879999999997
111.1744 0 45.37879999999997
112.4086 0 45.37879999999997
113.6411 0 45.37879999999997
114.8736 0 45.37879999999997
116.1061 0 45.37879999999997
117.3403 0 45.37879999999997
118.5745 0 45.37879999999997
119.8087 0 45.37879999999997
121.0429 0 45.37879999999997
122.2771 0 45.37879999999997
123.5113 0 45.37879999999997
124.7455 0 45.37879999999997
125.97970000000001 0 45.37879999999997
127.2122 0 45.37879999999997
128.4447 0 45.37879999999997
129.6772 0 45.37879999999997
130.90970000000002 0 45.37879999999997
132.1422 0 45.37879999999997
133.37130000000002 0 45.37879999999997
134.6038 0 45.37879999999997
135.8329 0 45.37879999999997
105 0 46.56943999999997
103.7658 0 46.56943999999997
102.5316 0 46.56943999999997
101.2974 0 46.56943999999997
100.0632 0 46.56943999999997
98.82900000000001 0 46.56943999999997
97.5948 0 46.56943999999997
96.3606 0 46.56943999999997
95.1264 0 46.56943999999997
93.8922 0 46.56943999999997
92.658 0 46.56943999999997
91.4204 0 46.56943999999997
90.1828 0 46.56943999999997
88.9452 0 46.56943999999997
87.7076 0 46.56943999999997
86.47 0 46.56943999999997
85.2324 0 46.56943999999997
83.9948 0 46.56943999999997
82.7572 0 46.56943999999997
81.523 0 46.56943999999997
80.2854 0 46.56943999999997
79.0478 0 46.56943999999997
77.8102 0 46.56943999999997
76.576 0 46.56943999999997
75.3384 0 46.56943999999997
106.2342 0 46.56943999999997
107.4684 0 46.56943999999997
108.7009 0 46.56943999999997
109.9334 0 46.56943999999997
111.1676 0 46.56943999999997
112.4018 0 46.56943999999997
113.6343 0 46.56943999999997
114.8668 0 46.56943999999997
116.101 0 46.56943999999997
117.3352 0 46.56943999999997
118.5728 0 46.56943999999997
119.8104 0 46.56943999999997
121.0446 0 46.56943999999997
122.2788 0 46.56943999999997
123.513 0 46.56943999999997
124.74549999999999 0 46.56943999999997
125.97970000000001 0 46.56943999999997
127.2122 0 46.56943999999997
128.4447 0 46.56943999999997
129.6772 0 46.56943999999997
130.90630000000002 0 46.56943999999997
132.1388 0 46.56943999999997
133.3679 0 46.56943999999997
134.6004 0 46.56943999999997
135.8295 0 46.56943999999997
137.0586 0 46.56943999999997
105 0 47.760079999999974
103.7658 0 47.760079999999974
102.5316 0 47.760079999999974
101.2974 0 47.760079999999974
100.0632 0 47.760079999999974
98.82900000000001 0 47.760079999999974
97.5948 0 47.760079999999974
96.3606 0 47.760079999999974
95.1264 0 47.760079999999974
93.8922 0 47.760079999999974
92.658 0 47.760079999999974
91.4204 0 47.760079999999974
90.1828 0 47.760079999999974
88.9452 0 47.760079999999974
87.7076 0 47.760079999999974
86.47 0 47.760079999999974
85.2324 0 47.760079999999974
83.9931 0 47.760079999999974
82.7555 0 47.760079999999974
81.5179 0 47.760079999999974
80.2803 0 47.760079999999974
79.0427 0 47.760079999999974
77.8051 0 47.760079999999974
76.5675 0 47.760079999999974
75.3299 0 47.760079999999974
74.0957 0 47.760079999999974
106.2342 0 47.760079999999974
107.4684 0 47.760079999999974
108.7009 0 47.760079999999974
109.9334 0 47.760079999999974
111.1659 0 47.760079999999974
112.3984 0 47.760079999999974
113.6309 0 47.760079999999974
114.8651 0 47.760079999999974
116.0993 0 47.760079999999974
117.3335 0 47.760079999999974
118.5711 0 47.760079999999974
119.8087 0 47.760079999999974
121.0429 0 47.760079999999974
122.2771 0 47.760079999999974
123.5113 0 47.760079999999974
124.7438 0 47.760079999999974
125.97630000000001 0 47.760079999999974
127.2088 0 47.760079999999974
128.4413 0 47.760079999999974
129.6738 0 47.760079999999974
130.90290000000002 0 47.760079999999974
132.1354 0 47.760079999999974
133.36790000000002 0 47.760079999999974
134.6004 0 47.760079999999974
135.8295 0 47.760079999999974
137.0586 0 47.760079999999974
138.2877 0 47.760079999999974
139.51680000000002 0 47.760079999999974
140.7459 0 47.760079999999974
105 0 48.950719999999976
103.7658 0 48.950719999999976
102.5316 0 48.950719999999976
101.2974 0 48.950719999999976
100.0632 0 48.950719999999976
98.82900000000001 0 48.950719999999976
97.5948 0 48.950719999999976
96.3606 0 48.950719999999976
95.1264 0 48.950719999999976
93.8922 0 48.950719999999976
92.658 0 48.950719999999976
91.4238 0 48.950719999999976
90.1862 0 48.950719999999976
88.9486 0 48.950719999999976
87.711 0 48.950719999999976
86.4734 0 48.950719999999976
85.2358 0 48.950719999999976
83.9982 0 48.950719999999976
82.7606 0 48.950719999999976
81.523 0 48.950719999999976
80.2888 0 48.950719999999976
79.0512 0 48.950719999999976
77.8136 0 48.950719999999976
76.576 0 48.950719999999976
75.3384 0 48.950719999999976
74.10079999999999 0 48.950719999999976
72.8632 0 48.950719999999976
106.2342 0 48.950719999999976
107.4684 0 48.950719999999976
108.7009 0 48.950719999999976
109.9334 0 48.950719999999976
111.1659 0 48.950719999999976
112.3984 0 48.950719999999976
113.6309 0 48.950719999999976
114.8634 0 48.950719999999976
116.0959 0 48.950719999999976
117.3301 0 48.950719999999976
118.5643 0 48.950719999999976
119.7985 0 48.950719999999976
121.0327 0 48.950719999999976
122.2652 0 48.950719999999976
123.49770000000001 0 48.950719999999976
124.7302 0 48.950719999999976
125.96270000000001 0 48.950719999999976
127.1952 0 48.950719999999976
128.42770000000002 0 48.950719999999976
129.6602 0 48.950719999999976
130.89270000000002 0 48.950719999999976
132.1252 0 48.950719999999976
133.35770000000002 0 48.950719999999976
134.5902 0 48.950719999999976
135.81930000000003 0 48.950719999999976
137.04840000000002 0 48.950719999999976
138.27750000000003 0 48.950719999999976
139.50660000000002 0 48.950719999999976
105 0 50.14135999999998
103.7658 0 50.14135999999998
102.5316 0 50.14135999999998
101.2974 0 50.14135999999998
100.0598 0 50.14135999999998
98.8256 0 50.14135999999998
97.5914 0 50.14135999999998
96.3572 0 50.14135999999998
95.123 0 50.14135999999998
93.8888 0 50.14135999999998
92.6546 0 50.14135999999998
91.4204 0 50.14135999999998
90.1862 0 50.14135999999998
88.952 0 50.14135999999998
87.7178 0 50.14135999999998
86.4836 0 50.14135999999998
85.246 0 50.14135999999998
84.0084 0 50.14135999999998
82.7708 0 50.14135999999998
81.5332 0 50.14135999999998
80.2956 0 50.14135999999998
79.05799999999999 0 50.14135999999998
77.82039999999999 0 50.14135999999998
76.58279999999999 0 50.14135999999998
75.34349999999999 0 50.14135999999998
74.10589999999999 0 50.14135999999998
72.8683 0 50.14135999999998
106.2342 0 50.14135999999998
107.4684 0 50.14135999999998
108.7009 0 50.14135999999998
109.9334 0 50.14135999999998
111.1659 0 50.14135999999998
112.3984 0 50.14135999999998
113.6309 0 50.14135999999998
114.8634 0 50.14135999999998
116.0959 0 50.14135999999998
117.3284 0 50.14135999999998
118.5626 0 50.14135999999998
119.7968 0 50.14135999999998
121.031 0 50.14135999999998
122.2635 0 50.14135999999998
123.49600000000001 0 50.14135999999998
124.7285 0 50.14135999999998
125.96100000000001 0 50.14135999999998
127.1935 0 50.14135999999998
128.42600000000002 0 50.14135999999998
129.6585 0 50.14135999999998
130.89100000000002 0 50.14135999999998
132.1235 0 50.14135999999998
133.35600000000002 0 50.14135999999998
134.5885 0 50.14135999999998
135.81760000000003 0 50.14135999999998
137.04670000000002 0 50.14135999999998
138.2758 0 50.14135999999998
105 0 51.33199999999998
103.7658 0 51.33199999999998
102.5316 0 51.33199999999998
101.2974 0 51.33199999999998
100.0598 0 51.33199999999998
98.8222 0 51.33199999999998
97.588 0 51.33199999999998
96.3538 0 51.33199999999998
95.1196 0 51.33199999999998
93.8854 0 51.33199999999998
92.6478 0 51.33199999999998
91.4102 0 51.33199999999998
90.176 0 51.33199999999998
88.9418 0 51.33199999999998
87.7042 0 51.33199999999998
86.4666 0 51.33199999999998
85.229 0 51.33199999999998
83.9897 0 51.33199999999998
82.7504 0 51.33199999999998
81.5111 0 51.33199999999998
80.2735 0 51.33199999999998
79.0342 0 51.33199999999998
77.7949 0 51.33199999999998
76.5556 0 51.33199999999998
75.3163 0 51.33199999999998
74.077 0 51.33199999999998
72.8394 0 51.33199999999998
71.6018 0 51.33199999999998
106.2342 0 51.33199999999998
107.4684 0 51.33199999999998
108.7009 0 51.33199999999998
109.9334 0 51.33199999999998
111.1659 0 51.33199999999998
112.3984 0 51.33199999999998
113.6309 0 51.33199999999998
114.8634 0 51.33199999999998
116.0959 0 51.33199999999998
117.3284 0 51.33199999999998
118.5609 0 51.33199999999998
119.7951 0 51.33199999999998
121.0293 0 51.33199999999998
122.2618 0 51.33199999999998
123.49430000000001 0 51.33199999999998
124.7268 0 51.33199999999998
125.95930000000001 0 51.33199999999998
127.1918 0 51.33199999999998
128.42430000000002 0 51.33199999999998
129.6568 0 51.33199999999998
130.88930000000002 0 51.33199999999998
132.1218 0 51.33199999999998
133.35430000000002 0 51.33199999999998
134.5868 0 51.33199999999998
135.81930000000003 0 51.33199999999998
137.04840000000002 0 51.33199999999998
138.27750000000003 0 51.33199999999998
139.50660000000002 0 51.33199999999998
105 0 52.52099999999998
103.7675 0 52.52099999999998
102.5333 0 52.52099999999998
101.2991 0 52.52099999999998
100.0649 0 52.52099999999998
98.83070000000001 0 52.52099999999998
97.5965 0 52.52099999999998
96.3623 0 52.52099999999998
95.1281 0 52.52099999999998
93.8939 0 52.52099999999998
92.6597 0 52.52099999999998
91.4255 0 52.52099999999998
90.1913 0 52.52099999999998
88.9571 0 52.52099999999998
87.71950000000001 0 52.52099999999998
86.4819 0 52.52099999999998
85.24430000000001 0 52.52099999999998
84.005 0 52.52099999999998
82.76570000000001 0 52.52099999999998
81.5264 0 52.52099999999998
80.28710000000001 0 52.52099999999998
79.0478 0 52.52099999999998
77.80850000000001 0 52.52099999999998
76.5692 0 52.52099999999998
75.32990000000001 0 52.52099999999998
74.0906 0 52.52099999999998
72.85300000000001 0 52.52099999999998
71.6154 0 52.52099999999998
106.2325 0 52.52099999999998
107.465 0 52.52099999999998
108.6975 0 52.52099999999998
109.93 0 52.52099999999998
111.1625 0 52.52099999999998
112.395 0 52.52099999999998
113.6275 0 52.52099999999998
114.86 0 52.52099999999998
116.0925 0 52.52099999999998
117.325 0 52.52099999999998
118.5575 0 52.52099999999998
119.79169999999999 0 52.52099999999998
121.02420000000001 0 52.52099999999998
122.2567 0 52.52099999999998
123.48920000000001 0 52.52099999999998
124.7217 0 52.52099999999998
125.95420000000001 0 52.52099999999998
127.1867 0 52.52099999999998
128.41920000000002 0 52.52099999999998
129.6517 0 52.52099999999998
130.88420000000002 0 52.52099999999998
132.1167 0 52.52099999999998
133.34920000000002 0 52.52099999999998
134.5817 0 52.52099999999998
135.81420000000003 0 52.52099999999998
137.04330000000002 0 52.52099999999998
138.27240000000003 0 52.52099999999998
139.50150000000002 0 52.52099999999998
140.73060000000004 0 52.52099999999998
105 0 53.70999999999998
103.7675 0 53.70999999999998
102.535 0 53.70999999999998
101.3008 0 53.70999999999998
100.0666 0 53.70999999999998
98.8324 0 53.70999999999998
97.5982 0 53.70999999999998
96.364 0 53.70999999999998
95.1298 0 53.70999999999998
93.8956 0 53.70999999999998
92.6614 0 53.70999999999998
91.4272 0 53.70999999999998
90.193 0 53.70999999999998
88.9588 0 53.70999999999998
87.72120000000001 0 53.70999999999998
86.4836 0 53.70999999999998
85.24600000000001 0 53.70999999999998
84.0067 0 53.70999999999998
82.76740000000001 0 53.70999999999998
81.5281 0 53.70999999999998
80.28880000000001 0 53.70999999999998
79.0495 0 53.70999999999998
77.81020000000001 0 53.70999999999998
76.5709 0 53.70999999999998
75.33160000000001 0 53.70999999999998
74.0923 0 53.70999999999998
72.85300000000001 0 53.70999999999998
71.6154 0 53.70999999999998
70.37780000000001 0 53.70999999999998
106.2325 0 53.70999999999998
107.465 0 53.70999999999998
108.6975 0 53.70999999999998
109.9266 0 53.70999999999998
111.1591 0 53.70999999999998
112.3916 0 53.70999999999998
113.6241 0 53.70999999999998
114.8566 0 53.70999999999998
116.0891 0 53.70999999999998
117.3216 0 53.70999999999998
118.5541 0 53.70999999999998
119.78659999999999 0 53.70999999999998
121.0191 0 53.70999999999998
122.2516 0 53.70999999999998
123.4841 0 53.70999999999998
124.7166 0 53.70999999999998
125.9491 0 53.70999999999998
127.1816 0 53.70999999999998
128.41410000000002 0 53.70999999999998
129.6466 0 53.70999999999998
130.8757 0 53.70999999999998
132.1048 0 53.70999999999998
133.3339 0 53.70999999999998
134.5664 0 53.70999999999998
135.7955 0 53.70999999999998
137.0246 0 53.70999999999998
138.2537 0 53.70999999999998
139.4862 0 53.70999999999998
105 0 54.89899999999998
103.7675 0 54.89899999999998
102.535 0 54.89899999999998
101.3008 0 54.89899999999998
100.0666 0 54.89899999999998
98.8324 0 54.89899999999998
97.5982 0 54.89899999999998
96.364 0 54.89899999999998
95.1298 0 54.89899999999998
93.8956 0 54.89899999999998
92.6614 0 54.89899999999998
91.4272 0 54.89899999999998
90.193 0 54.89899999999998
88.9588 0 54.89899999999998
87.72460000000001 0 54.89899999999998
86.4904 0 54.89899999999998
85.25280000000001 0 54.89899999999998
84.0152 0 54.89899999999998
82.7776 0 54.89899999999998
81.53999999999999 0 54.89899999999998
80.3024 0 54.89899999999998
79.06479999999999 0 54.89899999999998
77.8272 0 54.89899999999998
76.58789999999999 0 54.89899999999998
75.3486 0 54.89899999999998
74.10929999999999 0 54.89899999999998
72.87 0 54.89899999999998
71.63239999999999 0 54.89899999999998
70.3948 0 54.89899999999998
69.16059999999999 0 54.89899999999998
106.2325 0 54.89899999999998
107.465 0 54.89899999999998
108.6975 0 54.89899999999998
109.93 0 54.89899999999998
111.1625 0 54.89899999999998
112.395 0 54.89899999999998
113.6275 0 54.89899999999998
114.86 0 54.89899999999998
116.0925 0 54.89899999999998
117.325 0 54.89899999999998
118.5575 0 54.89899999999998
119.78999999999999 0 54.89899999999998
121.02250000000001 0 54.89899999999998
122.255 0 54.89899999999998
123.48750000000001 0 54.89899999999998
124.72 0 54.89899999999998
125.95250000000001 0 54.89899999999998
127.1816 0 54.89899999999998
128.41410000000002 0 54.89899999999998
129.6432 0 54.89899999999998
130.8723 0 54.89899999999998
132.1014 0 54.89899999999998
133.3305 0 54.89899999999998
134.5596 0 54.89899999999998
135.7921 0 54.89899999999998
137.0212 0 54.89899999999998
138.2503 0 54.89899999999998
139.4828 0 54.89899999999998
140.7119 0 54.89899999999998
105 0 56.08799999999998
103.7675 0 56.08799999999998
102.5333 0 56.08799999999998
101.2991 0 56.08799999999998
100.0649 0 56.08799999999998
98.83070000000001 0 56.08799999999998
97.5965 0 56.08799999999998
96.3623 0 56.08799999999998
95.1281 0 56.08799999999998
93.8939 0 56.08799999999998
92.6597 0 56.08799999999998
91.4255 0 56.08799999999998
90.1913 0 56.08799999999998
88.9571 0 56.08799999999998
87.72290000000001 0 56.08799999999998
86.4887 0 56.08799999999998
85.25110000000001 0 56.08799999999998
84.0135 0 56.08799999999998
82.77590000000001 0 56.08799999999998
81.53829999999999 0 56.08799999999998
80.3007 0 56.08799999999998
79.06309999999999 0 56.08799999999998
77.8255 0 56.08799999999998
76.58619999999999 0 56.08799999999998
75.3469 0 56.08799999999998
74.10759999999999 0 56.08799999999998
72.87 0 56.08799999999998
71.63239999999999 0 56.08799999999998
70.3948 0 56.08799999999998
69.16059999999999 0 56.08799999999998
106.2325 0 56.08799999999998
107.465 0 56.08799999999998
108.6975 0 56.08799999999998
109.93 0 56.08799999999998
111.1591 0 56.08799999999998
112.3882 0 56.08799999999998
113.6173 0 56.08799999999998
114.8498 0 56.08799999999998
116.0823 0 56.08799999999998
117.3148 0 56.08799999999998
118.5473 0 56.08799999999998
119.7798 0 56.08799999999998
121.0123 0 56.08799999999998
122.2448 0 56.08799999999998
123.4773 0 56.08799999999998
124.7098 0 56.08799999999998
125.9389 0 56.08799999999998
127.168 0 56.08799999999998
128.4005 0 56.08799999999998
129.6296 0 56.08799999999998
130.8587 0 56.08799999999998
132.0878 0 56.08799999999998
133.3169 0 56.08799999999998
134.546 0 56.08799999999998
135.7785 0 56.08799999999998
137.011 0 56.08799999999998
138.24349999999998 0 56.08799999999998
139.476 0 56.08799999999998
140.70850000000002 0 56.08799999999998
141.941 0 56.08799999999998
105 0 57.27699999999998
103.7675 0 57.27699999999998
102.5333 0 57.27699999999998
101.2991 0 57.27699999999998
100.0649 0 57.27699999999998
98.83070000000001 0 57.27699999999998
97.5965 0 57.27699999999998
96.3623 0 57.27699999999998
95.1281 0 57.27699999999998
93.8939 0 57.27699999999998
92.6597 0 57.27699999999998
91.4255 0 57.27699999999998
90.193 0 57.27699999999998
88.9605 0 57.27699999999998
87.72800000000001 0 57.27699999999998
86.49549999999999 0 57.27699999999998
85.263 0 57.27699999999998
84.02879999999999 0 57.27699999999998
82.7946 0 57.27699999999998
81.56039999999999 0 57.27699999999998
80.3262 0 57.27699999999998
79.09199999999998 0 57.27699999999998
77.8544 0 57.27699999999998
76.61679999999998 0 57.27699999999998
75.3792 0 57.27699999999998
74.14159999999998 0 57.27699999999998
72.904 0 57.27699999999998
71.66639999999998 0 57.27699999999998
70.4322 0 57.27699999999998
69.19799999999998 0 57.27699999999998
106.2325 0 57.27699999999998
107.465 0 57.27699999999998
108.6975 0 57.27699999999998
109.93 0 57.27699999999998
111.1625 0 57.27699999999998
112.3916 0 57.27699999999998
113.6207 0 57.27699999999998
114.8532 0 57.27699999999998
116.0857 0 57.27699999999998
117.3182 0 57.27699999999998
118.5507 0 57.27699999999998
119.7832 0 57.27699999999998
121.0157 0 57.27699999999998
122.2482 0 57.27699999999998
123.4807 0 57.27699999999998
124.7132 0 57.27699999999998
125.9423 0 57.27699999999998
127.1714 0 57.27699999999998
128.4039 0 57.27699999999998
129.633 0 57.27699999999998
130.8621 0 57.27699999999998
132.0912 0 57.27699999999998
133.3203 0 57.27699999999998
134.5494 0 57.27699999999998
135.7819 0 57.27699999999998
137.011 0 57.27699999999998
138.24349999999998 0 57.27699999999998
139.476 0 57.27699999999998
140.70850000000002 0 57.27699999999998
141.9376 0 57.27699999999998
143.1701 0 57.27699999999998
105 0 58.46763999999998
103.7658 0 58.46763999999998
102.5316 0 58.46763999999998
101.2974 0 58.46763999999998
100.0632 0 58.46763999999998
98.82900000000001 0 58.46763999999998
97.5948 0 58.46763999999998
96.3606 0 58.46763999999998
95.1264 0 58.46763999999998
93.8922 0 58.46763999999998
92.658 0 58.46763999999998
91.4238 0 58.46763999999998
90.1913 0 58.46763999999998
88.9588 0 58.46763999999998
87.72630000000001 0 58.46763999999998
86.4938 0 58.46763999999998
85.2613 0 58.46763999999998
84.02879999999999 0 58.46763999999998
82.7946 0 58.46763999999998
81.56039999999999 0 58.46763999999998
80.3262 0 58.46763999999998
79.09199999999998 0 58.46763999999998
77.8544 0 58.46763999999998
76.61679999999998 0 58.46763999999998
75.3792 0 58.46763999999998
74.14159999999998 0 58.46763999999998
72.9074 0 58.46763999999998
71.67319999999998 0 58.46763999999998
70.44069999999999 0 58.46763999999998
69.20819999999998 0 58.46763999999998
67.97399999999999 0 58.46763999999998
106.2342 0 58.46763999999998
107.4667 0 58.46763999999998
108.6992 0 58.46763999999998
109.9317 0 58.46763999999998
111.1642 0 58.46763999999998
112.3967 0 58.46763999999998
113.6258 0 58.46763999999998
114.8583 0 58.46763999999998
116.0908 0 58.46763999999998
117.3233 0 58.46763999999998
118.5558 0 58.46763999999998
119.78999999999999 0 58.46763999999998
121.0225 0 58.46763999999998
122.255 0 58.46763999999998
123.4875 0 58.46763999999998
124.72 0 58.46763999999998
125.9525 0 58.46763999999998
127.1816 0 58.46763999999998
128.4141 0 58.46763999999998
129.6432 0 58.46763999999998
130.8723 0 58.46763999999998
132.10139999999998 0 58.46763999999998
133.3305 0 58.46763999999998
134.5596 0 58.46763999999998
135.7887 0 58.46763999999998
137.0178 0 58.46763999999998
138.25029999999998 0 58.46763999999998
139.4828 0 58.46763999999998
140.7119 0 58.46763999999998
141.941 0 58.46763999999998
143.1735 0 58.46763999999998
105 0 59.65663999999998
103.7675 0 59.65663999999998
102.5333 0 59.65663999999998
101.2991 0 59.65663999999998
100.0649 0 59.65663999999998
98.83070000000001 0 59.65663999999998
97.5965 0 59.65663999999998
96.364 0 59.65663999999998
95.1298 0 59.65663999999998
93.8956 0 59.65663999999998
92.6614 0 59.65663999999998
91.4272 0 59.65663999999998
90.193 0 59.65663999999998
88.9588 0 59.65663999999998
87.72630000000001 0 59.65663999999998
86.4938 0 59.65663999999998
85.2613 0 59.65663999999998
84.02879999999999 0 59.65663999999998
82.7963 0 59.65663999999998
81.56209999999999 0 59.65663999999998
80.3279 0 59.65663999999998
79.09369999999998 0 59.65663999999998
77.8595 0 59.65663999999998
76.62529999999998 0 59.65663999999998
75.3877 0 59.65663999999998
74.15349999999998 0 59.65663999999998
72.91929999999999 0 59.65663999999998
71.68679999999998 0 59.65663999999998
70.45429999999999 0 59.65663999999998
69.22179999999997 0 59.65663999999998
67.98929999999999 0 59.65663999999998
106.2325 0 59.65663999999998
107.465 0 59.65663999999998
108.6975 0 59.65663999999998
109.93 0 59.65663999999998
111.1591 0 59.65663999999998
112.3916 0 59.65663999999998
113.6207 0 59.65663999999998
114.8532 0 59.65663999999998
116.0857 0 59.65663999999998
117.3182 0 59.65663999999998
118.5507 0 59.65663999999998
119.7832 0 59.65663999999998
121.0157 0 59.65663999999998
122.2482 0 59.65663999999998
123.4807 0 59.65663999999998
124.7132 0 59.65663999999998
125.9457 0 59.65663999999998
127.1748 0 59.65663999999998
128.4039 0 59.65663999999998
129.633 0 59.65663999999998
130.8621 0 59.65663999999998
132.0912 0 59.65663999999998
133.3237 0 59.65663999999998
134.5528 0 59.65663999999998
135.7819 0 59.65663999999998
137.011 0 59.65663999999998
138.24349999999998 0 59.65663999999998
139.476 0 59.65663999999998
140.70510000000002 0 59.65663999999998
141.9342 0 59.65663999999998
143.1633 0 59.65663999999998
105 0 60.84563999999998
103.7675 0 60.84563999999998
102.5333 0 60.84563999999998
101.2991 0 60.84563999999998
100.0649 0 60.84563999999998
98.83070000000001 0 60.84563999999998
97.5965 0 60.84563999999998
96.364 0 60.84563999999998
95.1298 0 60.84563999999998
93.8973 0 60.84563999999998
92.6648 0 60.84563999999998
91.4323 0 60.84563999999998
90.1998 0 60.84563999999998
88.9673 0 60.84563999999998
87.7348 0 60.84563999999998
86.50229999999999 0 60.84563999999998
85.2698 0 60.84563999999998
84.03729999999999 0 60.84563999999998
82.8048 0 60.84563999999998
81.57229999999998 0 60.84563999999998
80.3398 0 60.84563999999998
79.10729999999998 0 60.84563999999998
77.8731 0 60.84563999999998
76.63889999999998 0 60.84563999999998
75.40469999999999 0 60.84563999999998
74.17049999999998 0 60.84563999999998
72.93799999999999 0 60.84563999999998
71.70549999999997 0 60.84563999999998
70.47299999999998 0 60.84563999999998
69.24049999999997 0 60.84563999999998
68.00799999999998 0 60.84563999999998
106.2325 0 60.84563999999998
107.465 0 60.84563999999998
108.6975 0 60.84563999999998
109.93 0 60.84563999999998
111.1625 0 60.84563999999998
112.395 0 60.84563999999998
113.6241 0 60.84563999999998
114.8532 0 60.84563999999998
116.0857 0 60.84563999999998
117.31819999999999 0 60.84563999999998
118.55069999999999 0 60.84563999999998
119.7832 0 60.84563999999998
121.0157 0 60.84563999999998
122.2482 0 60.84563999999998
123.4807 0 60.84563999999998
124.7132 0 60.84563999999998
125.9423 0 60.84563999999998
127.1714 0 60.84563999999998
128.4005 0 60.84563999999998
129.62959999999998 0 60.84563999999998
130.8587 0 60.84563999999998
132.0878 0 60.84563999999998
133.3169 0 60.84563999999998
134.546 0 60.84563999999998
135.77509999999998 0 60.84563999999998
137.0042 0 60.84563999999998
138.23669999999998 0 60.84563999999998
139.4692 0 60.84563999999998
140.6983 0 60.84563999999998
141.9257 0 60.84563999999998
143.1531 0 60.84563999999998
144.3822 0 60.84563999999998
105 0 62.036279999999984
103.7658 0 62.036279999999984
102.5316 0 62.036279999999984
101.2974 0 62.036279999999984
100.0632 0 62.036279999999984
98.82900000000001 0 62.036279999999984
97.5948 0 62.036279999999984
96.3606 0 62.036279999999984
95.1264 0 62.036279999999984
93.8922 0 62.036279999999984
92.6597 0 62.036279999999984
91.4272 0 62.036279999999984
90.193 0 62.036279999999984
88.9588 0 62.036279999999984
87.72630000000001 0 62.036279999999984
86.4938 0 62.036279999999984
85.2613 0 62.036279999999984
84.02879999999999 0 62.036279999999984
82.7963 0 62.036279999999984
81.56379999999999 0 62.036279999999984
80.3313 0 62.036279999999984
79.09879999999998 0 62.036279999999984
77.8646 0 62.036279999999984
76.63039999999998 0 62.036279999999984
75.3962 0 62.036279999999984
74.16199999999998 0 62.036279999999984
72.92779999999999 0 62.036279999999984
71.69529999999997 0 62.036279999999984
70.46279999999999 0 62.036279999999984
69.23029999999997 0 62.036279999999984
67.99609999999998 0 62.036279999999984
106.2342 0 62.036279999999984
107.4684 0 62.036279999999984
108.7009 0 62.036279999999984
109.9334 0 62.036279999999984
111.1659 0 62.036279999999984
112.3984 0 62.036279999999984
113.6309 0 62.036279999999984
114.8634 0 62.036279999999984
116.0959 0 62.036279999999984
117.3284 0 62.036279999999984
118.5609 0 62.036279999999984
119.7934 0 62.036279999999984
121.02590000000001 0 62.036279999999984
122.2584 0 62.036279999999984
123.49090000000001 0 62.036279999999984
124.7234 0 62.036279999999984
125.9525 0 62.036279999999984
127.1816 0 62.036279999999984
128.4107 0 62.036279999999984
129.6381 0 62.036279999999984
130.8672 0 62.036279999999984
132.09629999999999 0 62.036279999999984
133.3254 0 62.036279999999984
134.5545 0 62.036279999999984
135.7836 0 62.036279999999984
137.0127 0 62.036279999999984
138.2418 0 62.036279999999984
139.4709 0 62.036279999999984
140.7 0 62.036279999999984
141.9274 0 62.036279999999984
143.15480000000002 0 62.036279999999984
144.3822 0 62.036279999999984
145.61130000000003 0 62.036279999999984
105 0 63.226919999999986
103.7658 0 63.226919999999986
102.5316 0 63.226919999999986
101.2974 0 63.226919999999986
100.0632 0 63.226919999999986
98.82900000000001 0 63.226919999999986
97.5948 0 63.226919999999986
96.3606 0 63.226919999999986
95.1264 0 63.226919999999986
93.8939 0 63.226919999999986
92.6614 0 63.226919999999986
91.4289 0 63.226919999999986
90.1964 0 63.226919999999986
88.9639 0 63.226919999999986
87.73140000000001 0 63.226919999999986
86.49889999999999 0 63.226919999999986
85.2664 0 63.226919999999986
84.03389999999999 0 63.226919999999986
82.8014 0 63.226919999999986
81.56889999999999 0 63.226919999999986
80.3364 0 63.226919999999986
79.10389999999998 0 63.226919999999986
77.8697 0 63.226919999999986
76.63549999999998 0 63.226919999999986
75.40129999999999 0 63.226919999999986
74.16709999999998 0 63.226919999999986
72.93289999999999 0 63.226919999999986
71.69869999999997 0 63.226919999999986
70.46449999999999 0 63.226919999999986
69.23029999999997 0 63.226919999999986
67.99609999999998 0 63.226919999999986
66.75849999999997 0 63.226919999999986
106.2342 0 63.226919999999986
107.4684 0 63.226919999999986
108.7009 0 63.226919999999986
109.9334 0 63.226919999999986
111.1659 0 63.226919999999986
112.3984 0 63.226919999999986
113.6309 0 63.226919999999986
114.8634 0 63.226919999999986
116.0959 0 63.226919999999986
117.3284 0 63.226919999999986
118.5609 0 63.226919999999986
119.7934 0 63.226919999999986
121.02590000000001 0 63.226919999999986
122.2584 0 63.226919999999986
123.49090000000001 0 63.226919999999986
124.72 0 63.226919999999986
125.9491 0 63.226919999999986
127.1782 0 63.226919999999986
128.4056 0 63.226919999999986
129.633 0 63.226919999999986
130.8604 0 63.226919999999986
132.0895 0 63.226919999999986
133.3186 0 63.226919999999986
134.5477 0 63.226919999999986
135.77679999999998 0 63.226919999999986
137.0059 0 63.226919999999986
138.235 0 63.226919999999986
139.4641 0 63.226919999999986
140.6932 0 63.226919999999986
141.9206 0 63.226919999999986
143.14800000000002 0 63.226919999999986
144.3754 0 63.226919999999986
145.6028 0 63.226919999999986
146.83190000000002 0 63.226919999999986
105 0 64.41755999999998
103.7658 0 64.41755999999998
102.5333 0 64.41755999999998
101.2991 0 64.41755999999998
100.0666 0 64.41755999999998
98.8324 0 64.41755999999998
97.5999 0 64.41755999999998
96.3657 0 64.41755999999998
95.1315 0 64.41755999999998
93.899 0 64.41755999999998
92.6665 0 64.41755999999998
91.434 0 64.41755999999998
90.1998 0 64.41755999999998
88.9673 0 64.41755999999998
87.7348 0 64.41755999999998
86.50229999999999 0 64.41755999999998
85.2698 0 64.41755999999998
84.03559999999999 0 64.41755999999998
82.8031 0 64.41755999999998
81.57059999999998 0 64.41755999999998
80.3381 0 64.41755999999998
79.10559999999998 0 64.41755999999998
77.8714 0 64.41755999999998
76.63719999999998 0 64.41755999999998
75.40469999999999 0 64.41755999999998
74.17219999999998 0 64.41755999999998
72.93969999999999 0 64.41755999999998
71.70719999999997 0 64.41755999999998
70.47469999999998 0 64.41755999999998
69.24219999999997 0 64.41755999999998
68.00799999999998 0 64.41755999999998
66.77379999999997 0 64.41755999999998
106.2342 0 64.41755999999998
107.4667 0 64.41755999999998
108.6992 0 64.41755999999998
109.9317 0 64.41755999999998
111.1642 0 64.41755999999998
112.3967 0 64.41755999999998
113.6292 0 64.41755999999998
114.8617 0 64.41755999999998
116.0942 0 64.41755999999998
117.3267 0 64.41755999999998
118.5592 0 64.41755999999998
119.79169999999999 0 64.41755999999998
121.02420000000001 0 64.41755999999998
122.2567 0 64.41755999999998
123.4858 0 64.41755999999998
124.7149 0 64.41755999999998
125.944 0 64.41755999999998
127.1731 0 64.41755999999998
128.4005 0 64.41755999999998
129.6279 0 64.41755999999998
130.8553 0 64.41755999999998
132.0844 0 64.41755999999998
133.3135 0 64.41755999999998
134.5426 0 64.41755999999998
135.77169999999998 0 64.41755999999998
136.9991 0 64.41755999999998
138.2265 0 64.41755999999998
139.4539 0 64.41755999999998
140.6813 0 64.41755999999998
141.9053 0 64.41755999999998
143.1327 0 64.41755999999998
144.3601 0 64.41755999999998
145.5875 0 64.41755999999998
105 0 65.60655999999997
103.7675 0 65.60655999999997
102.535 0 65.60655999999997
101.3025 0 65.60655999999997
100.07 0 65.60655999999997
98.8375 0 65.60655999999997
97.605 0 65.60655999999997
96.3708 0 65.60655999999997
95.1366 0 65.60655999999997
93.9041 0 65.60655999999997
92.6716 0 65.60655999999997
91.4391 0 65.60655999999997
90.20660000000001 0 65.60655999999997
88.97409999999999 0 65.60655999999997
87.7416 0 65.60655999999997
86.50909999999999 0 65.60655999999997
85.2766 0 65.60655999999997
84.04409999999999 0 65.60655999999997
82.8116 0 65.60655999999997
81.57909999999998 0 65.60655999999997
80.3466 0 65.60655999999997
79.11409999999998 0 65.60655999999997
77.88159999999999 0 65.60655999999997
76.64909999999998 0 65.60655999999997
75.41659999999999 0 65.60655999999997
74.18409999999997 0 65.60655999999997
72.95159999999998 0 65.60655999999997
71.71739999999997 0 65.60655999999997
70.48319999999998 0 65.60655999999997
69.24899999999997 0 65.60655999999997
68.01479999999998 0 65.60655999999997
66.77719999999997 0 65.60655999999997
65.53959999999998 0 65.60655999999997
106.2325 0 65.60655999999997
107.465 0 65.60655999999997
108.6975 0 65.60655999999997
109.93 0 65.60655999999997
111.1625 0 65.60655999999997
112.395 0 65.60655999999997
113.6275 0 65.60655999999997
114.86 0 65.60655999999997
116.0925 0 65.60655999999997
117.325 0 65.60655999999997
118.5575 0 65.60655999999997
119.78999999999999 0 65.60655999999997
121.02250000000001 0 65.60655999999997
122.255 0 65.60655999999997
123.4841 0 65.60655999999997
124.7132 0 65.60655999999997
125.9423 0 65.60655999999997
127.1714 0 65.60655999999997
128.4005 0 65.60655999999997
129.62959999999998 0 65.60655999999997
130.857 0 65.60655999999997
132.0861 0 65.60655999999997
133.3152 0 65.60655999999997
134.5443 0 65.60655999999997
135.77169999999998 0 65.60655999999997
136.9957 0 65.60655999999997
138.2231 0 65.60655999999997
139.4505 0 65.60655999999997
140.6779 0 65.60655999999997
141.9053 0 65.60655999999997
143.1327 0 65.60655999999997
144.36010000000002 0 65.60655999999997
145.5875 0 65.60655999999997
146.81490000000002 0 65.60655999999997
105 0 66.79555999999997
103.7675 0 66.79555999999997
102.535 0 66.79555999999997
101.3025 0 66.79555999999997
100.07 0 66.79555999999997
98.8375 0 66.79555999999997
97.605 0 66.79555999999997
96.3725 0 66.79555999999997
95.14 0 66.79555999999997
93.9075 0 66.79555999999997
92.675 0 66.79555999999997
91.4425 0 66.79555999999997
90.21000000000001 0 66.79555999999997
88.97749999999999 0 66.79555999999997
87.745 0 66.79555999999997
86.51249999999999 0 66.79555999999997
85.28 0 66.79555999999997
84.04749999999999 0 66.79555999999997
82.815 0 66.79555999999997
81.58249999999998 0 66.79555999999997
80.35 0 66.79555999999997
79.11749999999998 0 66.79555999999997
77.88499999999999 0 66.79555999999997
76.65249999999997 0 66.79555999999997
75.41999999999999 0 66.79555999999997
74.18749999999997 0 66.79555999999997
72.95499999999998 0 66.79555999999997
71.72079999999997 0 66.79555999999997
70.48659999999998 0 66.79555999999997
69.25239999999997 0 66.79555999999997
68.01819999999998 0 66.79555999999997
66.78059999999996 0 66.79555999999997
65.54299999999998 0 66.79555999999997
64.30539999999996 0 66.79555999999997
106.2325 0 66.79555999999997
107.465 0 66.79555999999997
108.6975 0 66.79555999999997
109.9317 0 66.79555999999997
111.1642 0 66.79555999999997
112.3967 0 66.79555999999997
113.6292 0 66.79555999999997
114.8617 0 66.79555999999997
116.0942 0 66.79555999999997
117.3267 0 66.79555999999997
118.5592 0 66.79555999999997
119.78829999999999 0 66.79555999999997
121.02080000000001 0 66.79555999999997
122.2499 0 66.79555999999997
123.479 0 66.79555999999997
124.7081 0 66.79555999999997
125.93719999999999 0 66.79555999999997
127.16629999999999 0 66.79555999999997
128.3954 0 66.79555999999997
129.62449999999998 0 66.79555999999997
130.8536 0 66.79555999999997
132.0827 0 66.79555999999997
133.3118 0 66.79555999999997
134.5409 0 66.79555999999997
135.76829999999998 0 66.79555999999997
136.9957 0 66.79555999999997
138.2231 0 66.79555999999997
139.45049999999998 0 66.79555999999997
140.6779 0 66.79555999999997
141.9053 0 66.79555999999997
143.1327 0 66.79555999999997
144.3601 0 66.79555999999997
145.5875 0 66.79555999999997
105 0 67.98455999999996
103.7675 0 67.98455999999996
102.535 0 67.98455999999996
101.3025 0 67.98455999999996
100.07 0 67.98455999999996
98.8375 0 67.98455999999996
97.605 0 67.98455999999996
96.3725 0 67.98455999999996
95.14 0 67.98455999999996
93.9075 0 67.98455999999996
92.675 0 67.98455999999996
91.4425 0 67.98455999999996
90.21000000000001 0 67.98455999999996
88.97749999999999 0 67.98455999999996
87.745 0 67.98455999999996
86.51249999999999 0 67.98455999999996
85.28 0 67.98455999999996
84.04749999999999 0 67.98455999999996
82.815 0 67.98455999999996
81.58249999999998 0 67.98455999999996
80.35 0 67.98455999999996
79.11749999999998 0 67.98455999999996
77.88499999999999 0 67.98455999999996
76.65249999999997 0 67.98455999999996
75.41999999999999 0 67.98455999999996
74.18749999999997 0 67.98455999999996
72.95499999999998 0 67.98455999999996
71.72079999999997 0 67.98455999999996
70.48659999999998 0 67.98455999999996
69.25239999999997 0 67.98455999999996
68.01819999999998 0 67.98455999999996
66.78059999999996 0 67.98455999999996
65.54299999999998 0 67.98455999999996
64.30879999999996 0 67.98455999999996
63.07459999999997 0 67.98455999999996
106.2325 0 67.98455999999996
107.465 0 67.98455999999996
108.6975 0 67.98455999999996
109.9317 0 67.98455999999996
111.1642 0 67.98455999999996
112.3967 0 67.98455999999996
113.6292 0 67.98455999999996
114.8617 0 67.98455999999996
116.0908 0 67.98455999999996
117.31989999999999 0 67.98455999999996
118.54899999999999 0 67.98455999999996
119.7781 0 67.98455999999996
121.0072 0 67.98455999999996
122.2363 0 67.98455999999996
123.46539999999999 0 67.98455999999996
124.69449999999999 0 67.98455999999996
125.9236 0 67.98455999999996
127.15269999999998 0 67.98455999999996
128.3818 0 67.98455999999996
129.6109 0 67.98455999999996
130.83829999999998 0 67.98455999999996
132.0674 0 67.98455999999996
133.29649999999998 0 67.98455999999996
134.5256 0 67.98455999999996
135.75469999999999 0 67.98455999999996
136.98209999999997 0 67.98455999999996
138.2095 0 67.98455999999996
139.43689999999998 0 67.98455999999996
140.6643 0 67.98455999999996
141.89339999999999 0 67.98455999999996
143.1225 0 67.98455999999996
144.3516 0 67.98455999999996
145.5807 0 67.98455999999996
146.8081 0 67.98455999999996
105 0 69.17355999999995
103.7675 0 69.17355999999995
102.535 0 69.17355999999995
101.3025 0 69.17355999999995
100.07 0 69.17355999999995
98.8375 0 69.17355999999995
97.605 0 69.17355999999995
96.3725 0 69.17355999999995
95.14 0 69.17355999999995
93.9075 0 69.17355999999995
92.675 0 69.17355999999995
91.4425 0 69.17355999999995
90.21000000000001 0 69.17355999999995
88.97749999999999 0 69.17355999999995
87.745 0 69.17355999999995
86.51249999999999 0 69.17355999999995
85.28 0 69.17355999999995
84.04749999999999 0 69.17355999999995
82.8133 0 69.17355999999995
81.58079999999998 0 69.17355999999995
80.3483 0 69.17355999999995
79.11579999999998 0 69.17355999999995
77.88329999999999 0 69.17355999999995
76.65079999999998 0 69.17355999999995
75.41829999999999 0 69.17355999999995
74.18579999999997 0 69.17355999999995
72.95329999999998 0 69.17355999999995
71.71909999999997 0 69.17355999999995
70.48489999999998 0 69.17355999999995
69.25069999999997 0 69.17355999999995
68.01649999999998 0 69.17355999999995
66.77889999999996 0 69.17355999999995
65.54129999999998 0 69.17355999999995
64.30369999999996 0 69.17355999999995
63.06949999999997 0 69.17355999999995
61.83189999999997 0 69.17355999999995
106.2325 0 69.17355999999995
107.465 0 69.17355999999995
108.6975 0 69.17355999999995
109.9317 0 69.17355999999995
111.1642 0 69.17355999999995
112.3967 0 69.17355999999995
113.6292 0 69.17355999999995
114.8617 0 69.17355999999995
116.0942 0 69.17355999999995
117.3267 0 69.17355999999995
118.5592 0 69.17355999999995
119.78829999999999 0 69.17355999999995
121.0174 0 69.17355999999995
122.2465 0 69.17355999999995
123.4756 0 69.17355999999995
124.7047 0 69.17355999999995
125.93379999999999 0 69.17355999999995
127.1629 0 69.17355999999995
128.392 0 69.17355999999995
129.61939999999998 0 69.17355999999995
130.8468 0 69.17355999999995
132.0742 0 69.17355999999995
133.30329999999998 0 69.17355999999995
134.5324 0 69.17355999999995
135.76149999999998 0 69.17355999999995
136.9889 0 69.17355999999995
138.2163 0 69.17355999999995
139.44369999999998 0 69.17355999999995
140.6728 0 69.17355999999995
141.9019 0 69.17355999999995
143.131 0 69.17355999999995
144.3601 0 69.17355999999995
145.5892 0 69.17355999999995
146.81830000000002 0 69.17355999999995
148.0474 0 69.17355999999995
105 0 70.36255999999995
103.7675 0 70.36255999999995
102.535 0 70.36255999999995
101.3059 0 70.36255999999995
100.0768 0 70.36255999999995
98.8477 0 70.36255999999995
97.6186 0 70.36255999999995
96.3861 0 70.36255999999995
95.1536 0 70.36255999999995
93.9211 0 70.36255999999995
92.68860000000001 0 70.36255999999995
91.4561 0 70.36255999999995
90.2236 0 70.36255999999995
88.9911 0 70.36255999999995
87.7586 0 70.36255999999995
86.5261 0 70.36255999999995
85.2936 0 70.36255999999995
84.0611 0 70.36255999999995
82.8286 0 70.36255999999995
81.59609999999999 0 70.36255999999995
80.36359999999999 0 70.36255999999995
79.13109999999999 0 70.36255999999995
77.89859999999999 0 70.36255999999995
76.66609999999999 0 70.36255999999995
75.43359999999998 0 70.36255999999995
74.20109999999998 0 70.36255999999995
72.96859999999998 0 70.36255999999995
71.73439999999998 0 70.36255999999995
70.50019999999998 0 70.36255999999995
69.26599999999998 0 70.36255999999995
68.03179999999998 0 70.36255999999995
66.79759999999997 0 70.36255999999995
65.56339999999997 0 70.36255999999995
64.32919999999997 0 70.36255999999995
63.09499999999997 0 70.36255999999995
61.86079999999997 0 70.36255999999995
60.62319999999997 0 70.36255999999995
106.2325 0 70.36255999999995
107.465 0 70.36255999999995
108.6975 0 70.36255999999995
109.9317 0 70.36255999999995
111.1642 0 70.36255999999995
112.3967 0 70.36255999999995
113.6292 0 70.36255999999995
114.8617 0 70.36255999999995
116.0942 0 70.36255999999995
117.3267 0 70.36255999999995
118.5592 0 70.36255999999995
119.78829999999999 0 70.36255999999995
121.02080000000001 0 70.36255999999995
122.2499 0 70.36255999999995
123.479 0 70.36255999999995
124.7081 0 70.36255999999995
125.93719999999999 0 70.36255999999995
127.16629999999999 0 70.36255999999995
128.3954 0 70.36255999999995
129.62279999999998 0 70.36255999999995
130.8502 0 70.36255999999995
132.0776 0 70.36255999999995
133.30669999999998 0 70.36255999999995
134.5358 0 70.36255999999995
135.76489999999998 0 70.36255999999995
136.9923 0 70.36255999999995
138.2197 0 70.36255999999995
139.44709999999998 0 70.36255999999995
140.6762 0 70.36255999999995
141.9053 0 70.36255999999995
143.1344 0 70.36255999999995
144.3635 0 70.36255999999995
145.5926 0 70.36255999999995
146.82 0 70.36255999999995
148.0491 0 70.36255999999995
149.2765 0 70.36255999999995
105 0 71.54827999999995
103.7709 0 71.54827999999995
102.5418 0 71.54827999999995
101.3127 0 71.54827999999995
100.0836 0 71.54827999999995
98.8545 0 71.54827999999995
97.6254 0 71.54827999999995
96.3929 0 71.54827999999995
95.1604 0 71.54827999999995
93.9279 0 71.54827999999995
92.6954 0 71.54827999999995
91.4629 0 71.54827999999995
90.2304 0 71.54827999999995
88.9979 0 71.54827999999995
87.7654 0 71.54827999999995
86.5329 0 71.54827999999995
85.3004 0 71.54827999999995
84.0679 0 71.54827999999995
82.8337 0 71.54827999999995
81.60119999999999 0 71.54827999999995
80.36869999999999 0 71.54827999999995
79.13619999999999 0 71.54827999999995
77.90369999999999 0 71.54827999999995
76.67119999999998 0 71.54827999999995
75.43869999999998 0 71.54827999999995
74.20619999999998 0 71.54827999999995
72.97369999999998 0 71.54827999999995
71.74119999999998 0 71.54827999999995
70.50699999999998 0 71.54827999999995
69.27449999999997 0 71.54827999999995
68.04029999999997 0 71.54827999999995
66.80609999999997 0 71.54827999999995
65.57189999999997 0 71.54827999999995
64.33769999999997 0 71.54827999999995
63.10349999999997 0 71.54827999999995
61.86929999999997 0 71.54827999999995
60.63169999999997 0 71.54827999999995
59.39239999999997 0 71.54827999999995
106.2291 0 71.54827999999995
107.4616 0 71.54827999999995
108.6941 0 71.54827999999995
109.9266 0 71.54827999999995
111.1591 0 71.54827999999995
112.3916 0 71.54827999999995
113.6241 0 71.54827999999995
114.8566 0 71.54827999999995
116.0857 0 71.54827999999995
117.31479999999999 0 71.54827999999995
118.5439 0 71.54827999999995
119.773 0 71.54827999999995
121.0021 0 71.54827999999995
122.2312 0 71.54827999999995
123.46029999999999 0 71.54827999999995
124.68939999999999 0 71.54827999999995
125.9185 0 71.54827999999995
127.14759999999998 0 71.54827999999995
128.3767 0 71.54827999999995
129.6058 0 71.54827999999995
130.83489999999998 0 71.54827999999995
132.064 0 71.54827999999995
133.29309999999998 0 71.54827999999995
134.5222 0 71.54827999999995
135.7513 0 71.54827999999995
136.97869999999998 0 71.54827999999995
138.2061 0 71.54827999999995
139.43349999999998 0 71.54827999999995
140.6626 0 71.54827999999995
141.8917 0 71.54827999999995
143.1191 0 71.54827999999995
144.3482 0 71.54827999999995
145.5773 0 71.54827999999995
146.8047 0 71.54827999999995
148.0321 0 71.54827999999995
149.2595 0 71.54827999999995
150.4835 0 71.54827999999995
105 0 72.73727999999994
103.7675 0 72.73727999999994
102.535 0 72.73727999999994
101.3025 0 72.73727999999994
100.07 0 72.73727999999994
98.8409 0 72.73727999999994
97.6084 0 72.73727999999994
96.3759 0 72.73727999999994
95.1434 0 72.73727999999994
93.9109 0 72.73727999999994
92.6784 0 72.73727999999994
91.4459 0 72.73727999999994
90.21340000000001 0 72.73727999999994
88.9809 0 72.73727999999994
87.7467 0 72.73727999999994
86.5142 0 72.73727999999994
85.28 0 72.73727999999994
84.0458 0 72.73727999999994
82.8116 0 72.73727999999994
81.5774 0 72.73727999999994
80.3449 0 72.73727999999994
79.1124 0 72.73727999999994
77.87989999999999 0 72.73727999999994
76.64739999999999 0 72.73727999999994
75.41489999999999 0 72.73727999999994
74.18239999999999 0 72.73727999999994
72.94989999999999 0 72.73727999999994
71.71739999999998 0 72.73727999999994
70.48319999999998 0 72.73727999999994
69.24899999999998 0 72.73727999999994
68.01479999999998 0 72.73727999999994
66.78059999999998 0 72.73727999999994
65.54639999999998 0 72.73727999999994
64.31219999999998 0 72.73727999999994
63.077999999999975 0 72.73727999999994
61.84379999999997 0 72.73727999999994
60.60619999999997 0 72.73727999999994
59.36689999999997 0 72.73727999999994
58.12759999999997 0 72.73727999999994
106.2325 0 72.73727999999994
107.465 0 72.73727999999994
108.6975 0 72.73727999999994
109.93 0 72.73727999999994
111.1625 0 72.73727999999994
112.395 0 72.73727999999994
113.6275 0 72.73727999999994
114.86 0 72.73727999999994
116.0891 0 72.73727999999994
117.31819999999999 0 72.73727999999994
118.54729999999999 0 72.73727999999994
119.7764 0 72.73727999999994
121.0055 0 72.73727999999994
122.2346 0 72.73727999999994
123.46369999999999 0 72.73727999999994
124.69279999999999 0 72.73727999999994
125.9219 0 72.73727999999994
127.15099999999998 0 72.73727999999994
128.3801 0 72.73727999999994
129.6092 0 72.73727999999994
130.83829999999998 0 72.73727999999994
132.0674 0 72.73727999999994
133.29649999999998 0 72.73727999999994
134.5256 0 72.73727999999994
135.75469999999999 0 72.73727999999994
136.98379999999997 0 72.73727999999994
138.2129 0 72.73727999999994
139.44199999999998 0 72.73727999999994
140.6711 0 72.73727999999994
141.90019999999998 0 72.73727999999994
143.1293 0 72.73727999999994
144.3567 0 72.73727999999994
145.5858 0 72.73727999999994
146.8149 0 72.73727999999994
148.044 0 72.73727999999994
149.2714 0 72.73727999999994
150.49880000000002 0 72.73727999999994
151.7211 0 72.73727999999994
105 0 73.92627999999993
103.7675 0 73.92627999999993
102.535 0 73.92627999999993
101.3025 0 73.92627999999993
100.07 0 73.92627999999993
98.8375 0 73.92627999999993
97.605 0 73.92627999999993
96.3725 0 73.92627999999993
95.14 0 73.92627999999993
93.9075 0 73.92627999999993
92.675 0 73.92627999999993
91.4425 0 73.92627999999993
90.21000000000001 0 73.92627999999993
88.97749999999999 0 73.92627999999993
87.7433 0 73.92627999999993
86.51079999999999 0 73.92627999999993
85.2783 0 73.92627999999993
84.04409999999999 0 73.92627999999993
82.8099 0 73.92627999999993
81.57739999999998 0 73.92627999999993
80.3449 0 73.92627999999993
79.11239999999998 0 73.92627999999993
77.87989999999999 0 73.92627999999993
76.64739999999998 0 73.92627999999993
75.41489999999999 0 73.92627999999993
74.18239999999997 0 73.92627999999993
72.94989999999999 0 73.92627999999993
71.71739999999997 0 73.92627999999993
70.48319999999998 0 73.92627999999993
69.24899999999997 0 73.92627999999993
68.01479999999998 0 73.92627999999993
66.78059999999996 0 73.92627999999993
65.54639999999998 0 73.92627999999993
64.31219999999996 0 73.92627999999993
63.07799999999997 0 73.92627999999993
61.84039999999997 0 73.92627999999993
60.60279999999997 0 73.92627999999993
59.363499999999966 0 73.92627999999993
58.124199999999966 0 73.92627999999993
106.2325 0 73.92627999999993
107.465 0 73.92627999999993
108.6975 0 73.92627999999993
109.93 0 73.92627999999993
111.1625 0 73.92627999999993
112.3916 0 73.92627999999993
113.6207 0 73.92627999999993
114.8498 0 73.92627999999993
116.0789 0 73.92627999999993
117.30799999999999 0 73.92627999999993
118.5371 0 73.92627999999993
119.7662 0 73.92627999999993
120.99529999999999 0 73.92627999999993
122.22439999999999 0 73.92627999999993
123.45349999999999 0 73.92627999999993
124.6826 0 73.92627999999993
125.9117 0 73.92627999999993
127.14079999999998 0 73.92627999999993
128.36989999999997 0 73.92627999999993
129.599 0 73.92627999999993
130.82639999999998 0 73.92627999999993
132.0555 0 73.92627999999993
133.28459999999998 0 73.92627999999993
134.51369999999997 0 73.92627999999993
135.7428 0 73.92627999999993
136.97189999999998 0 73.92627999999993
138.20099999999996 0 73.92627999999993
139.43009999999998 0 73.92627999999993
140.6592 0 73.92627999999993
141.8883 0 73.92627999999993
143.11739999999998 0 73.92627999999993
144.3465 0 73.92627999999993
145.5756 0 73.92627999999993
146.8047 0 73.92627999999993
148.0321 0 73.92627999999993
149.2595 0 73.92627999999993
150.4869 0 73.92627999999993
151.7109 0 73.92627999999993
152.9383 0 73.92627999999993
105 0 75.11527999999993
103.7675 0 75.11527999999993
102.535 0 75.11527999999993
101.3025 0 75.11527999999993
100.07 0 75.11527999999993
98.8375 0 75.11527999999993
97.605 0 75.11527999999993
96.3725 0 75.11527999999993
95.14 0 75.11527999999993
93.9075 0 75.11527999999993
92.675 0 75.11527999999993
91.4425 0 75.11527999999993
90.21000000000001 0 75.11527999999993
88.97579999999999 0 75.11527999999993
87.7416 0 75.11527999999993
86.50739999999999 0 75.11527999999993
85.2732 0 75.11527999999993
84.03899999999999 0 75.11527999999993
82.8014 0 75.11527999999993
81.56719999999999 0 75.11527999999993
80.3347 0 75.11527999999993
79.10219999999998 0 75.11527999999993
77.8697 0 75.11527999999993
76.63719999999998 0 75.11527999999993
75.40469999999999 0 75.11527999999993
74.17219999999998 0 75.11527999999993
72.93969999999999 0 75.11527999999993
71.70719999999997 0 75.11527999999993
70.47299999999998 0 75.11527999999993
69.23879999999997 0 75.11527999999993
68.00459999999998 0 75.11527999999993
66.77039999999997 0 75.11527999999993
65.53619999999998 0 75.11527999999993
64.29859999999996 0 75.11527999999993
63.06099999999997 0 75.11527999999993
61.82339999999997 0 75.11527999999993
60.58579999999997 0 75.11527999999993
59.34649999999997 0 75.11527999999993
58.10379999999997 0 75.11527999999993
106.2325 0 75.11527999999993
107.465 0 75.11527999999993
108.6975 0 75.11527999999993
109.93 0 75.11527999999993
111.1625 0 75.11527999999993
112.3916 0 75.11527999999993
113.6207 0 75.11527999999993
114.8498 0 75.11527999999993
116.0789 0 75.11527999999993
117.30799999999999 0 75.11527999999993
118.5371 0 75.11527999999993
119.7662 0 75.11527999999993
120.99529999999999 0 75.11527999999993
122.22439999999999 0 75.11527999999993
123.45349999999999 0 75.11527999999993
124.6826 0 75.11527999999993
125.9117 0 75.11527999999993
127.14079999999998 0 75.11527999999993
128.36989999999997 0 75.11527999999993
129.599 0 75.11527999999993
130.82809999999998 0 75.11527999999993
132.0572 0 75.11527999999993
133.28629999999998 0 75.11527999999993
134.51539999999997 0 75.11527999999993
135.7445 0 75.11527999999993
136.97359999999998 0 75.11527999999993
138.2027 0 75.11527999999993
139.43179999999998 0 75.11527999999993
140.66089999999997 0 75.11527999999993
141.89 0 75.11527999999993
143.11739999999998 0 75.11527999999993
144.3448 0 75.11527999999993
145.5722 0 75.11527999999993
146.8013 0 75.11527999999993
148.02870000000001 0 75.11527999999993
149.2527 0 75.11527999999993
150.4767 0 75.11527999999993
151.70069999999998 0 75.11527999999993
152.92469999999997 0 75.11527999999993
154.1487 0 75.11527999999993
105 0 76.30591999999993
103.7658 0 76.30591999999993
102.5316 0 76.30591999999993
101.2974 0 76.30591999999993
100.0649 0 76.30591999999993
98.8324 0 76.30591999999993
97.5999 0 76.30591999999993
96.3674 0 76.30591999999993
95.1349 0 76.30591999999993
93.9024 0 76.30591999999993
92.6699 0 76.30591999999993
91.4374 0 76.30591999999993
90.2049 0 76.30591999999993
88.9707 0 76.30591999999993
87.7365 0 76.30591999999993
86.50229999999999 0 76.30591999999993
85.2681 0 76.30591999999993
84.03049999999999 0 76.30591999999993
82.7929 0 76.30591999999993
81.55869999999999 0 76.30591999999993
80.3245 0 76.30591999999993
79.09199999999998 0 76.30591999999993
77.8595 0 76.30591999999993
76.62699999999998 0 76.30591999999993
75.3945 0 76.30591999999993
74.16199999999998 0 76.30591999999993
72.92949999999999 0 76.30591999999993
71.69529999999997 0 76.30591999999993
70.46109999999999 0 76.30591999999993
69.22689999999997 0 76.30591999999993
67.98929999999999 0 76.30591999999993
66.75509999999997 0 76.30591999999993
65.51749999999998 0 76.30591999999993
64.27989999999997 0 76.30591999999993
63.040599999999976 0 76.30591999999993
61.801299999999976 0 76.30591999999993
60.561999999999976 0 76.30591999999993
59.31929999999998 0 76.30591999999993
58.07659999999998 0 76.30591999999993
106.2342 0 76.30591999999993
107.4684 0 76.30591999999993
108.7009 0 76.30591999999993
109.9334 0 76.30591999999993
111.1659 0 76.30591999999993
112.395 0 76.30591999999993
113.6241 0 76.30591999999993
114.8532 0 76.30591999999993
116.0823 0 76.30591999999993
117.31139999999999 0 76.30591999999993
118.5405 0 76.30591999999993
119.7696 0 76.30591999999993
120.99869999999999 0 76.30591999999993
122.22779999999999 0 76.30591999999993
123.45689999999999 0 76.30591999999993
124.68599999999999 0 76.30591999999993
125.9151 0 76.30591999999993
127.14419999999998 0 76.30591999999993
128.37329999999997 0 76.30591999999993
129.6024 0 76.30591999999993
130.83149999999998 0 76.30591999999993
132.0606 0 76.30591999999993
133.28969999999998 0 76.30591999999993
134.51879999999997 0 76.30591999999993
135.7462 0 76.30591999999993
136.97359999999998 0 76.30591999999993
138.2027 0 76.30591999999993
139.43179999999998 0 76.30591999999993
140.66089999999997 0 76.30591999999993
141.8883 0 76.30591999999993
143.1157 0 76.30591999999993
144.3431 0 76.30591999999993
145.56709999999998 0 76.30591999999993
146.79109999999997 0 76.30591999999993
148.0151 0 76.30591999999993
149.23909999999998 0 76.30591999999993
150.46309999999997 0 76.30591999999993
151.6871 0 76.30591999999993
152.91109999999998 0 76.30591999999993
154.13509999999997 0 76.30591999999993
105 0 77.49491999999992
103.7675 0 77.49491999999992
102.5333 0 77.49491999999992
101.2991 0 77.49491999999992
100.0649 0 77.49491999999992
98.8324 0 77.49491999999992
97.5999 0 77.49491999999992
96.3674 0 77.49491999999992
95.1349 0 77.49491999999992
93.9024 0 77.49491999999992
92.6699 0 77.49491999999992
91.4374 0 77.49491999999992
90.2049 0 77.49491999999992
88.9707 0 77.49491999999992
87.7365 0 77.49491999999992
86.50229999999999 0 77.49491999999992
85.2681 0 77.49491999999992
84.03049999999999 0 77.49491999999992
82.7929 0 77.49491999999992
81.55529999999999 0 77.49491999999992
80.3211 0 77.49491999999992
79.08859999999999 0 77.49491999999992
77.8561 0 77.49491999999992
76.62359999999998 0 77.49491999999992
75.3911 0 77.49491999999992
74.15859999999998 0 77.49491999999992
72.92439999999999 0 77.49491999999992
71.69019999999998 0 77.49491999999992
70.45599999999999 0 77.49491999999992
69.22179999999997 0 77.49491999999992
67.98419999999999 0 77.49491999999992
66.74659999999997 0 77.49491999999992
65.50729999999999 0 77.49491999999992
64.26799999999997 0 77.49491999999992
63.02869999999998 0 77.49491999999992
61.78939999999998 0 77.49491999999992
60.55009999999998 0 77.49491999999992
59.30739999999998 0 77.49491999999992
58.06469999999998 0 77.49491999999992
106.2325 0 77.49491999999992
107.465 0 77.49491999999992
108.6975 0 77.49491999999992
109.9266 0 77.49491999999992
111.1557 0 77.49491999999992
112.3831 0 77.49491999999992
113.6105 0 77.49491999999992
114.83789999999999 0 77.49491999999992
116.067 0 77.49491999999992
117.2961 0 77.49491999999992
118.5252 0 77.49491999999992
119.7543 0 77.49491999999992
120.98339999999999 0 77.49491999999992
122.21249999999999 0 77.49491999999992
123.4416 0 77.49491999999992
124.67069999999998 0 77.49491999999992
125.89979999999998 0 77.49491999999992
127.12889999999999 0 77.49491999999992
128.35799999999998 0 77.49491999999992
129.5854 0 77.49491999999992
130.81279999999998 0 77.49491999999992
132.0419 0 77.49491999999992
133.271 0 77.49491999999992
134.50009999999997 0 77.49491999999992
135.7275 0 77.49491999999992
136.95489999999998 0 77.49491999999992
138.18399999999997 0 77.49491999999992
139.4131 0 77.49491999999992
140.6422 0 77.49491999999992
141.8713 0 77.49491999999992
143.0987 0 77.49491999999992
144.3261 0 77.49491999999992
145.55349999999999 0 77.49491999999992
146.7775 0 77.49491999999992
148.0015 0 77.49491999999992
149.22549999999998 0 77.49491999999992
150.4495 0 77.49491999999992
151.6735 0 77.49491999999992
152.89749999999998 0 77.49491999999992
